Tempo	Posicao
0.0207	0.251
0.0407	0.252
0.0607	0.254
0.0807	0.255
0.1007	0.255
0.1207	0.254
0.1407	0.253
0.1607	0.252
0.1807	0.249
0.2007	0.246
0.2207	0.244
0.2407	0.240
0.2607	0.234
0.2807	0.232
0.3007	0.227
0.3206	0.220
0.3406	0.217
0.3606	0.211
0.3806	0.207
0.4006	0.203
0.4206	0.199
0.4406	0.196
0.4606	0.193
0.4806	0.190
0.5005	0.189
0.5205	0.188
0.5405	0.187
0.5605	0.187
0.5805	0.188
0.6006	0.190
0.6206	0.192
0.6406	0.194
0.6606	0.197
0.6806	0.201
0.7006	0.204
0.7206	0.209
0.7406	0.213
0.7606	0.217
0.7806	0.221
0.8007	0.225
0.8207	0.230
0.8407	0.233
0.8607	0.237
0.8807	0.242
0.9007	0.245
0.9207	0.248
0.9407	0.249
0.9607	0.250
0.9807	0.251
1.0007	0.252
1.0207	0.252
1.0407	0.251
1.0607	0.250
1.0807	0.248
1.1007	0.245
1.1207	0.244
1.1407	0.241
1.1607	0.238
1.1807	0.235
1.2007	0.232
1.2207	0.227
1.2407	0.224
1.2606	0.221
1.2806	0.219
1.3006	0.216
1.3206	0.214
1.3406	0.212
1.3606	0.210
1.3806	0.209
1.4006	0.208
1.4206	0.207
1.4406	0.206
1.4606	0.206
1.4806	0.206
1.5006	0.206
1.5206	0.206
1.5406	0.206
1.5606	0.207
1.5806	0.207
1.6006	0.208
1.6206	0.209
1.6406	0.209
1.6606	0.210
1.6806	0.211
1.7006	0.212
1.7206	0.212
1.7406	0.213
1.7606	0.214
1.7806	0.215
1.8006	0.218
1.8206	0.218
1.8406	0.219
1.8606	0.221
1.8806	0.222
1.9006	0.223
1.9207	0.224
1.9407	0.224
1.9607	0.227
1.9807	0.229
2.0007	0.230
2.0207	0.231
2.0407	0.233
2.0607	0.234
2.0807	0.234
2.1007	0.238
2.1207	0.237
2.1407	0.240
2.1607	0.241
2.1807	0.240
2.2007	0.244
2.2207	0.244
2.2407	0.244
2.2607	0.244
2.2807	0.243
2.3007	0.242
2.3207	0.241
2.3407	0.237
2.3607	0.237
2.3807	0.235
2.4007	0.231
2.4207	0.227
2.4407	0.225
2.4606	0.220
2.4806	0.216
2.5006	0.213
2.5206	0.209
2.5406	0.206
2.5606	0.202
2.5806	0.200
2.6006	0.197
2.6206	0.195
2.6406	0.193
2.6606	0.192
2.6806	0.191
2.7006	0.191
2.7206	0.191
2.7406	0.192
2.7606	0.194
2.7806	0.196
2.8006	0.198
2.8206	0.201
2.8406	0.204
2.8606	0.208
2.8806	0.212
2.9006	0.216
2.9206	0.221
2.9407	0.225
2.9607	0.230
2.9807	0.236
3.0007	0.240
3.0207	0.244
3.0407	0.247
3.0607	0.250
3.0807	0.252
3.1007	0.254
3.1207	0.256
3.1407	0.256
3.1607	0.256
3.1807	0.256
3.2007	0.255
3.2207	0.253
3.2407	0.251
3.2607	0.248
3.2807	0.243
3.3007	0.241
3.3207	0.237
3.3407	0.233
3.3607	0.227
3.3806	0.223
3.4006	0.219
3.4206	0.214
3.4406	0.211
3.4606	0.207
3.4806	0.204
3.5006	0.201
3.5206	0.199
3.5406	0.197
3.5606	0.196
3.5806	0.195
3.6006	0.195
3.6206	0.195
3.6406	0.195
3.6606	0.196
3.6806	0.198
3.7006	0.199
3.7206	0.201
3.7406	0.204
3.7606	0.206
3.7806	0.209
3.8006	0.212
3.8206	0.214
3.8406	0.217
3.8606	0.221
3.8806	0.223
3.9007	0.227
3.9207	0.229
3.9407	0.231
3.9607	0.233
3.9807	0.235
4.0007	0.236
4.0207	0.237
4.0407	0.238
4.0607	0.238
4.0807	0.238
4.1007	0.238
4.1207	0.238
4.1407	0.238
4.1607	0.237
4.1807	0.234
4.2007	0.234
4.2207	0.236
4.2407	0.233
4.2607	0.234
4.2807	0.232
4.3007	0.233
4.3207	0.233
4.3407	0.231
4.3607	0.232
4.3807	0.231
4.4007	0.230
4.4207	0.229
4.4407	0.228
4.4607	0.227
4.4807	0.226
4.5007	0.225
4.5206	0.222
4.5406	0.221
4.5606	0.221
4.5806	0.217
4.6006	0.216
4.6206	0.214
4.6406	0.212
4.6606	0.210
4.6806	0.209
4.7006	0.207
4.7206	0.206
4.7406	0.204
4.7606	0.203
4.7806	0.202
4.8006	0.201
4.8206	0.201
4.8406	0.201
4.8606	0.201
4.8806	0.202
4.9006	0.202
4.9206	0.203
4.9406	0.205
4.9606	0.207
4.9806	0.209
5.0006	0.212
5.0206	0.215
5.0406	0.218
5.0606	0.223
5.0807	0.227
5.1007	0.230
5.1207	0.234
5.1407	0.237
5.1607	0.239
5.1807	0.244
5.2007	0.246
5.2207	0.249
5.2407	0.251
5.2607	0.252
5.2807	0.253
5.3007	0.253
5.3207	0.253
5.3407	0.253
5.3607	0.251
5.3807	0.250
5.4007	0.248
5.4207	0.244
5.4407	0.241
5.4607	0.238
5.4807	0.234
5.5007	0.230
5.5207	0.225
5.5406	0.221
5.5606	0.217
5.5806	0.210
5.6006	0.208
5.6206	0.203
5.6406	0.199
5.6606	0.196
5.6806	0.194
5.7006	0.192
5.7206	0.191
5.7406	0.190
5.7606	0.190
5.7806	0.190
5.8006	0.191
5.8206	0.192
5.8406	0.194
5.8606	0.197
5.8806	0.200
5.9006	0.203
5.9206	0.206
5.9406	0.210
5.9606	0.214
5.9806	0.219
6.0007	0.225
6.0207	0.228
6.0407	0.232
6.0607	0.235
6.0807	0.239
6.1007	0.241
6.1207	0.244
6.1407	0.245
6.1607	0.247
6.1807	0.249
6.2007	0.249
6.2207	0.248
6.2407	0.249
6.2607	0.248
6.2807	0.246
6.3007	0.245
6.3207	0.243
6.3407	0.241
6.3607	0.237
6.3807	0.236
6.4007	0.234
6.4207	0.231
6.4407	0.227
6.4607	0.224
6.4806	0.223
6.5006	0.219
6.5206	0.217
6.5406	0.215
6.5606	0.213
6.5806	0.212
6.6006	0.211
6.6206	0.210
6.6406	0.209
6.6606	0.208
6.6806	0.208
6.7006	0.208
6.7206	0.207
6.7406	0.207
6.7606	0.208
6.7806	0.208
6.8006	0.208
6.8206	0.209
6.8406	0.209
6.8606	0.209
6.8806	0.210
6.9006	0.211
6.9206	0.211
6.9406	0.212
6.9606	0.212
6.9806	0.213
7.0006	0.214
7.0206	0.214
7.0406	0.216
7.0606	0.216
7.0806	0.217
7.1006	0.219
7.1206	0.220
7.1406	0.221
7.1606	0.223
7.1807	0.224
7.2007	0.228
7.2207	0.230
7.2407	0.232
7.2607	0.233
7.2807	0.235
7.3007	0.237
7.3207	0.239
7.3407	0.240
7.3607	0.242
7.3807	0.243
7.4007	0.244
7.4207	0.244
7.4407	0.244
7.4607	0.244
7.4807	0.244
7.5007	0.243
7.5207	0.242
7.5407	0.240
7.5607	0.239
7.5807	0.236
7.6007	0.234
7.6207	0.230
7.6407	0.227
7.6607	0.224
7.6806	0.220
7.7006	0.215
7.7206	0.212
7.7406	0.208
7.7606	0.205
7.7806	0.202
7.8006	0.199
7.8206	0.197
7.8406	0.195
7.8606	0.193
7.8806	0.192
7.9006	0.192
7.9206	0.191
7.9406	0.192
7.9606	0.193
7.9806	0.195
8.0006	0.197
8.0206	0.200
8.0406	0.203
8.0606	0.206
8.0806	0.210
8.1006	0.214
8.1206	0.220
8.1406	0.222
8.1607	0.227
8.1807	0.231
8.2007	0.235
8.2207	0.241
8.2407	0.244
8.2607	0.247
8.2807	0.250
8.3007	0.252
8.3207	0.253
8.3407	0.254
8.3607	0.255
8.3807	0.254
8.4007	0.254
8.4207	0.252
8.4407	0.251
8.4607	0.248
8.4807	0.246
8.5007	0.242
8.5207	0.239
8.5407	0.235
8.5607	0.231
8.5807	0.227
8.6006	0.222
8.6206	0.218
8.6406	0.214
8.6606	0.210
8.6806	0.207
8.7006	0.204
8.7206	0.202
8.7406	0.200
8.7606	0.198
8.7806	0.197
8.8006	0.197
8.8206	0.197
8.8406	0.197
8.8606	0.198
8.8806	0.199
8.9006	0.200
8.9206	0.202
8.9406	0.204
8.9606	0.206
8.9806	0.208
9.0006	0.210
9.0206	0.213
9.0406	0.215
9.0606	0.217
9.0806	0.220
9.1006	0.222
9.1207	0.224
9.1407	0.228
9.1607	0.228
9.1807	0.231
9.2007	0.231
9.2207	0.232
9.2407	0.234
9.2607	0.235
9.2807	0.235
9.3007	0.236
9.3207	0.237
9.3407	0.236
9.3607	0.237
9.3807	0.235
9.4007	0.236
9.4207	0.233
9.4407	0.234
9.4607	0.235
9.4807	0.234
9.5007	0.234
9.5207	0.234
9.5407	0.231
9.5607	0.230
9.5807	0.232
9.6007	0.231
9.6207	0.230
9.6407	0.228
9.6607	0.228
9.6807	0.227
9.7007	0.227
9.7206	0.223
9.7407	0.225
9.7606	0.220
9.7806	0.221
9.8006	0.218
9.8206	0.215
9.8406	0.213
9.8606	0.212
9.8806	0.210
9.9006	0.208
9.9206	0.206
9.9406	0.205
9.9606	0.203
9.9806	0.202
10.0006	0.201
10.0206	0.201
10.0406	0.200
10.0606	0.200
10.0806	0.201
10.1006	0.202
10.1206	0.204
10.1406	0.205
10.1606	0.206
10.1806	0.209
10.2006	0.212
10.2206	0.214
10.2406	0.217
10.2606	0.222
10.2806	0.223
10.3007	0.227
10.3207	0.230
10.3407	0.235
10.3607	0.239
10.3807	0.242
10.4007	0.244
10.4207	0.245
10.4407	0.249
10.4607	0.251
10.4807	0.252
10.5007	0.252
10.5207	0.252
10.5407	0.252
10.5607	0.251
10.5807	0.250
10.6007	0.248
10.6207	0.245
10.6407	0.242
10.6607	0.239
10.6807	0.233
10.7007	0.232
10.7207	0.227
10.7406	0.221
10.7606	0.217
10.7806	0.213
10.8006	0.209
10.8206	0.205
10.8406	0.202
10.8606	0.199
10.8806	0.196
10.9006	0.194
10.9206	0.193
10.9406	0.192
10.9606	0.191
10.9806	0.192
11.0006	0.192
11.0206	0.193
11.0406	0.195
11.0606	0.197
11.0806	0.200
11.1006	0.203
11.1206	0.206
11.1406	0.209
11.1606	0.213
11.1806	0.216
11.2006	0.220
11.2207	0.224
11.2407	0.227
11.2607	0.230
11.2807	0.234
11.3007	0.238
11.3207	0.240
11.3407	0.243
11.3607	0.245
11.3807	0.246
11.4007	0.246
11.4207	0.246
11.4407	0.246
11.4607	0.246
11.4807	0.245
11.5007	0.244
11.5207	0.242
11.5407	0.241
11.5607	0.238
11.5807	0.237
11.6007	0.234
11.6207	0.230
11.6407	0.228
11.6607	0.225
11.6806	0.223
11.7006	0.221
11.7206	0.219
11.7406	0.218
11.7606	0.216
11.7806	0.215
11.8006	0.214
11.8206	0.212
11.8406	0.213
11.8606	0.211
11.8806	0.210
11.9006	0.210
11.9206	0.209
11.9406	0.209
11.9606	0.209
11.9806	0.209
12.0006	0.209
12.0206	0.209
12.0406	0.209
12.0606	0.209
12.0806	0.210
12.1006	0.210
12.1206	0.210
12.1406	0.211
12.1606	0.211
12.1806	0.212
12.2006	0.212
12.2206	0.213
12.2406	0.214
12.2606	0.217
12.2806	0.218
12.3006	0.217
12.3206	0.220
12.3406	0.222
12.3606	0.222
12.3807	0.224
12.4007	0.224
12.4207	0.228
12.4407	0.230
12.4607	0.232
12.4807	0.234
12.5007	0.235
12.5207	0.237
12.5407	0.239
12.5607	0.240
12.5807	0.242
12.6007	0.243
12.6207	0.244
12.6407	0.244
12.6607	0.244
12.6807	0.244
12.7007	0.243
12.7207	0.243
12.7407	0.241
12.7607	0.239
12.7807	0.237
12.8007	0.235
12.8207	0.232
12.8407	0.227
12.8607	0.224
12.8806	0.220
12.9006	0.217
12.9206	0.213
12.9406	0.210
12.9606	0.207
12.9806	0.204
13.0006	0.201
13.0206	0.199
13.0406	0.197
13.0606	0.195
13.0806	0.194
13.1006	0.193
13.1206	0.193
13.1406	0.193
13.1606	0.194
13.1806	0.196
13.2006	0.197
13.2206	0.200
13.2406	0.202
13.2606	0.205
13.2806	0.209
13.3006	0.214
13.3206	0.216
13.3406	0.220
13.3607	0.224
13.3807	0.230
13.4007	0.234
13.4207	0.238
13.4407	0.241
13.4607	0.244
13.4807	0.247
13.5007	0.249
13.5207	0.251
13.5407	0.252
13.5607	0.252
13.5807	0.252
13.6007	0.252
13.6207	0.251
13.6407	0.249
13.6607	0.247
13.6807	0.245
13.7007	0.242
13.7207	0.239
13.7407	0.235
13.7607	0.230
13.7807	0.227
13.8006	0.223
13.8206	0.220
13.8406	0.217
13.8606	0.213
13.8806	0.210
13.9006	0.208
13.9206	0.206
13.9406	0.204
13.9606	0.202
13.9806	0.201
14.0006	0.200
14.0206	0.200
14.0406	0.200
14.0606	0.200
14.0806	0.201
14.1006	0.202
14.1206	0.203
14.1406	0.205
14.1606	0.206
14.1806	0.208
14.2006	0.210
14.2206	0.212
14.2406	0.214
14.2606	0.216
14.2806	0.220
14.3006	0.222
14.3207	0.224
14.3406	0.223
14.3607	0.227
14.3807	0.228
14.4007	0.230
14.4207	0.231
14.4407	0.230
14.4607	0.232
14.4807	0.233
14.5007	0.234
14.5207	0.234
14.5407	0.234
14.5607	0.234
14.5807	0.233
14.6007	0.235
14.6207	0.235
14.6407	0.234
14.6607	0.234
14.6807	0.232
14.7007	0.235
14.7207	0.234
14.7407	0.235
14.7607	0.234
14.7807	0.234
14.8007	0.233
14.8207	0.232
14.8407	0.232
14.8607	0.231
14.8807	0.230
14.9007	0.228
14.9207	0.228
14.9407	0.224
14.9607	0.224
14.9806	0.221
15.0006	0.219
15.0206	0.217
15.0406	0.216
15.0606	0.213
15.0806	0.211
15.1006	0.209
15.1206	0.207
15.1406	0.206
15.1606	0.204
15.1806	0.203
15.2006	0.202
15.2206	0.201
15.2406	0.200
15.2606	0.200
15.2806	0.200
15.3006	0.201
15.3206	0.202
15.3406	0.203
15.3606	0.205
15.3806	0.207
15.4006	0.209
15.4206	0.212
15.4406	0.215
15.4606	0.218
15.4806	0.221
15.5007	0.227
15.5207	0.230
15.5407	0.234
15.5607	0.236
15.5807	0.238
15.6007	0.242
15.6207	0.245
15.6407	0.248
15.6607	0.249
15.6807	0.250
15.7007	0.251
15.7207	0.251
15.7407	0.251
15.7607	0.251
15.7807	0.249
15.8007	0.248
15.8207	0.245
15.8407	0.242
15.8607	0.239
15.8807	0.235
15.9007	0.233
15.9207	0.227
15.9407	0.225
15.9606	0.221
15.9806	0.217
16.0006	0.212
16.0206	0.208
16.0406	0.205
16.0606	0.202
16.0806	0.199
16.1006	0.197
16.1206	0.195
16.1406	0.194
16.1606	0.194
16.1806	0.194
16.2006	0.194
16.2206	0.195
16.2406	0.196
16.2606	0.198
16.2806	0.200
16.3006	0.203
16.3206	0.205
16.3406	0.208
16.3606	0.212
16.3806	0.215
16.4006	0.218
16.4206	0.222
16.4407	0.227
16.4607	0.228
16.4807	0.233
16.5007	0.234
16.5207	0.238
16.5407	0.239
16.5607	0.241
16.5807	0.241
16.6007	0.244
16.6207	0.244
16.6407	0.244
16.6607	0.244
16.6807	0.241
16.7007	0.242
16.7207	0.242
16.7407	0.240
16.7607	0.239
16.7807	0.237
16.8007	0.235
16.8207	0.231
16.8407	0.231
16.8607	0.227
16.8807	0.228
16.9006	0.223
16.9207	0.224
16.9406	0.220
16.9606	0.221
16.9806	0.218
17.0006	0.216
17.0206	0.217
17.0406	0.214
17.0606	0.213
17.0806	0.213
17.1006	0.212
17.1206	0.211
17.1406	0.211
17.1606	0.211
17.1806	0.211
17.2006	0.210
17.2206	0.210
17.2406	0.210
17.2606	0.210
17.2806	0.210
17.3006	0.209
17.3206	0.209
17.3406	0.210
17.3606	0.210
17.3806	0.210
17.4006	0.211
17.4206	0.211
17.4406	0.212
17.4606	0.213
17.4806	0.214
17.5006	0.215
17.5206	0.216
17.5406	0.218
17.5606	0.221
17.5806	0.221
17.6007	0.225
17.6207	0.225
17.6407	0.229
17.6607	0.231
17.6807	0.233
17.7007	0.235
17.7207	0.237
17.7407	0.239
17.7607	0.240
17.7807	0.242
17.8007	0.243
17.8207	0.244
17.8407	0.245
17.8607	0.245
17.8807	0.245
17.9007	0.244
17.9207	0.243
17.9407	0.242
17.9607	0.240
17.9807	0.238
18.0007	0.236
18.0207	0.233
18.0407	0.230
18.0607	0.227
18.0807	0.224
18.1006	0.221
18.1206	0.215
18.1406	0.212
18.1606	0.208
18.1806	0.206
18.2006	0.202
18.2206	0.200
18.2406	0.198
18.2606	0.196
18.2806	0.195
18.3006	0.194
18.3206	0.194
18.3406	0.194
18.3606	0.195
18.3806	0.196
18.4006	0.198
18.4206	0.200
18.4406	0.202
18.4606	0.206
18.4806	0.210
18.5006	0.213
18.5206	0.216
18.5406	0.219
18.5607	0.224
18.5807	0.227
18.6007	0.231
18.6207	0.234
18.6407	0.238
18.6607	0.239
18.6807	0.244
18.7007	0.246
18.7207	0.248
18.7407	0.249
18.7607	0.250
18.7807	0.250
18.8007	0.250
18.8207	0.249
18.8407	0.248
18.8607	0.246
18.8807	0.244
18.9007	0.242
18.9207	0.239
18.9407	0.236
18.9607	0.233
18.9807	0.230
19.0007	0.225
19.0206	0.223
19.0406	0.219
19.0606	0.216
19.0806	0.213
19.1006	0.210
19.1206	0.208
19.1406	0.206
19.1606	0.205
19.1806	0.203
19.2006	0.203
19.2206	0.202
19.2406	0.202
19.2606	0.202
19.2806	0.203
19.3006	0.203
19.3206	0.204
19.3406	0.205
19.3606	0.207
19.3806	0.208
19.4006	0.210
19.4206	0.212
19.4406	0.213
19.4606	0.215
19.4806	0.217
19.5006	0.220
19.5206	0.220
19.5406	0.221
19.5606	0.223
19.5807	0.225
19.6007	0.226
19.6207	0.229
19.6407	0.229
19.6607	0.230
19.6807	0.231
19.7007	0.232
19.7207	0.232
19.7407	0.233
19.7607	0.234
19.7807	0.233
19.8007	0.232
19.8207	0.235
19.8407	0.234
19.8607	0.235
19.8807	0.234
19.9007	0.235
19.9207	0.233
19.9407	0.235
19.9607	0.234
19.9807	0.234
20.0007	0.234
20.0207	0.234
20.0407	0.233
20.0607	0.232
20.0807	0.232
20.1007	0.230
20.1207	0.229
20.1407	0.228
20.1607	0.225
20.1807	0.224
20.2006	0.220
20.2206	0.220
20.2406	0.216
20.2606	0.214
20.2806	0.212
20.3006	0.210
20.3206	0.208
20.3406	0.206
20.3606	0.205
20.3806	0.203
20.4006	0.202
20.4206	0.201
20.4406	0.200
20.4606	0.200
20.4806	0.200
20.5006	0.203
20.5206	0.202
20.5406	0.203
20.5606	0.205
20.5806	0.207
20.6006	0.209
20.6206	0.213
20.6406	0.214
20.6606	0.217
20.6806	0.221
20.7007	0.226
20.7207	0.227
20.7407	0.230
20.7607	0.233
20.7807	0.238
20.8007	0.241
20.8207	0.243
20.8407	0.245
20.8607	0.248
20.8807	0.249
20.9007	0.249
20.9207	0.250
20.9407	0.250
20.9607	0.249
20.9807	0.249
21.0007	0.247
21.0207	0.245
21.0407	0.243
21.0607	0.239
21.0807	0.237
21.1007	0.234
21.1207	0.228
21.1407	0.224
21.1606	0.220
21.1806	0.217
21.2006	0.213
21.2206	0.210
21.2406	0.207
21.2606	0.204
21.2806	0.201
21.3006	0.200
21.3206	0.198
21.3406	0.197
21.3606	0.196
21.3806	0.196
21.4006	0.196
21.4206	0.197
21.4406	0.198
21.4606	0.200
21.4806	0.201
21.5006	0.203
21.5206	0.206
21.5406	0.208
21.5606	0.211
21.5806	0.214
21.6006	0.217
21.6206	0.220
21.6406	0.223
21.6607	0.226
21.6807	0.230
21.7007	0.233
21.7207	0.235
21.7407	0.237
21.7607	0.238
21.7807	0.240
21.8007	0.241
21.8207	0.242
21.8407	0.242
21.8607	0.241
21.8807	0.241
21.9007	0.241
21.9207	0.239
21.9407	0.239
21.9607	0.237
21.9807	0.236
22.0007	0.234
22.0207	0.231
22.0407	0.232
22.0607	0.230
22.0807	0.227
22.1007	0.225
22.1206	0.223
22.1406	0.222
22.1606	0.221
22.1806	0.222
22.2006	0.218
22.2206	0.218
22.2406	0.218
22.2606	0.217
22.2806	0.216
22.3006	0.214
22.3206	0.214
22.3406	0.213
22.3606	0.212
22.3806	0.212
22.4006	0.211
22.4206	0.211
22.4406	0.210
22.4606	0.210
22.4806	0.209
22.5006	0.209
22.5206	0.209
22.5406	0.209
22.5606	0.209
22.5806	0.209
22.6006	0.210
22.6206	0.210
22.6406	0.211
22.6606	0.212
22.6806	0.212
22.7006	0.213
22.7206	0.215
22.7406	0.216
22.7606	0.218
22.7806	0.220
22.8006	0.224
22.8206	0.224
22.8407	0.225
22.8607	0.228
22.8807	0.229
22.9007	0.234
22.9207	0.234
22.9407	0.238
22.9607	0.239
22.9807	0.241
23.0007	0.242
23.0207	0.244
23.0407	0.244
23.0607	0.245
23.0807	0.245
23.1007	0.244
23.1207	0.243
23.1407	0.242
23.1607	0.241
23.1807	0.238
23.2007	0.236
23.2207	0.234
23.2407	0.231
23.2607	0.228
23.2806	0.223
23.3006	0.219
23.3206	0.216
23.3406	0.213
23.3606	0.210
23.3806	0.207
23.4006	0.204
23.4206	0.202
23.4406	0.200
23.4606	0.198
23.4806	0.197
23.5006	0.196
23.5206	0.195
23.5406	0.196
23.5606	0.196
23.5806	0.197
23.6006	0.198
23.6206	0.200
23.6406	0.202
23.6606	0.205
23.6806	0.208
23.7006	0.211
23.7206	0.215
23.7406	0.218
23.7606	0.222
23.7807	0.227
23.8007	0.229
23.8207	0.234
23.8407	0.237
23.8607	0.239
23.8807	0.240
23.9007	0.244
23.9207	0.245
23.9407	0.246
23.9607	0.248
23.9807	0.248
24.0007	0.248
24.0207	0.247
24.0407	0.246
24.0607	0.245
24.0807	0.242
24.1007	0.241
24.1207	0.238
24.1407	0.233
24.1607	0.233
24.1807	0.228
24.2007	0.228
24.2206	0.223
24.2406	0.222
24.2606	0.217
24.2806	0.216
24.3006	0.213
24.3206	0.211
24.3406	0.209
24.3606	0.208
24.3806	0.206
24.4006	0.206
24.4206	0.205
24.4406	0.205
24.4606	0.205
24.4806	0.205
24.5006	0.205
24.5206	0.206
24.5406	0.207
24.5606	0.208
24.5806	0.209
24.6006	0.210
24.6206	0.211
24.6406	0.213
24.6606	0.214
24.6806	0.215
24.7006	0.217
24.7206	0.218
24.7406	0.222
24.7606	0.221
24.7807	0.224
24.8007	0.225
24.8207	0.224
24.8407	0.224
24.8607	0.228
24.8807	0.228
24.9007	0.227
24.9207	0.230
24.9407	0.231
24.9607	0.231
24.9807	0.232
25.0007	0.231
25.0207	0.233
25.0407	0.233
25.0607	0.234
25.0807	0.234
25.1007	0.235
25.1207	0.235
25.1407	0.236
25.1607	0.235
25.1807	0.236
25.2007	0.235
25.2207	0.235
25.2407	0.235
25.2607	0.234
25.2807	0.233
25.3007	0.232
25.3207	0.231
25.3407	0.229
25.3607	0.227
25.3806	0.223
25.4007	0.224
25.4206	0.220
25.4406	0.219
25.4606	0.216
25.4806	0.213
25.5006	0.211
25.5206	0.209
25.5406	0.207
25.5606	0.205
25.5806	0.204
25.6006	0.202
25.6206	0.201
25.6406	0.200
25.6606	0.200
25.6806	0.200
25.7006	0.200
25.7206	0.201
25.7406	0.202
25.7606	0.204
25.7806	0.206
25.8006	0.208
25.8206	0.211
25.8406	0.213
25.8606	0.217
25.8806	0.219
25.9006	0.223
25.9207	0.226
25.9407	0.231
25.9607	0.234
25.9807	0.237
26.0007	0.240
26.0207	0.243
26.0407	0.245
26.0607	0.246
26.0807	0.248
26.1007	0.249
26.1207	0.249
26.1407	0.249
26.1607	0.249
26.1807	0.247
26.2007	0.246
26.2207	0.244
26.2407	0.242
26.2607	0.239
26.2807	0.237
26.3007	0.233
26.3207	0.230
26.3407	0.227
26.3606	0.222
26.3806	0.220
26.4006	0.215
26.4206	0.213
26.4406	0.209
26.4606	0.206
26.4806	0.203
26.5006	0.202
26.5206	0.200
26.5406	0.199
26.5606	0.198
26.5806	0.198
26.6006	0.198
26.6206	0.198
26.6406	0.200
26.6606	0.201
26.6806	0.202
26.7006	0.204
26.7206	0.206
26.7406	0.209
26.7606	0.211
26.7806	0.214
26.8006	0.217
26.8206	0.219
26.8406	0.223
26.8607	0.224
26.8807	0.228
26.9007	0.231
26.9207	0.231
26.9407	0.234
26.9607	0.236
26.9807	0.237
27.0007	0.238
27.0207	0.237
27.0407	0.239
27.0607	0.239
27.0807	0.239
27.1007	0.239
27.1207	0.238
27.1407	0.238
27.1607	0.236
27.1807	0.236
27.2007	0.234
27.2207	0.232
27.2407	0.232
27.2607	0.231
27.2807	0.227
27.3007	0.228
27.3207	0.228
27.3407	0.224
27.3607	0.225
27.3807	0.224
27.4006	0.221
27.4206	0.220
27.4406	0.220
27.4606	0.218
27.4806	0.218
27.5006	0.217
27.5206	0.218
27.5406	0.215
27.5606	0.214
27.5806	0.213
27.6006	0.212
27.6206	0.212
27.6406	0.211
27.6606	0.210
27.6806	0.210
27.7006	0.209
27.7206	0.209
27.7406	0.209
27.7606	0.209
27.7806	0.208
27.8006	0.209
27.8206	0.209
27.8406	0.209
27.8606	0.210
27.8806	0.211
27.9006	0.212
27.9206	0.213
27.9406	0.215
27.9606	0.217
27.9806	0.221
28.0006	0.221
28.0207	0.225
28.0407	0.227
28.0607	0.227
28.0807	0.231
28.1007	0.233
28.1207	0.233
28.1407	0.238
28.1607	0.239
28.1807	0.241
28.2007	0.242
28.2207	0.243
28.2407	0.244
28.2607	0.244
28.2807	0.245
28.3007	0.244
28.3207	0.244
28.3407	0.243
28.3607	0.241
28.3807	0.239
28.4007	0.237
28.4207	0.234
28.4407	0.232
28.4607	0.227
28.4806	0.223
28.5006	0.220
28.5206	0.217
28.5406	0.214
28.5606	0.211
28.5806	0.208
28.6006	0.205
28.6206	0.203
28.6406	0.201
28.6606	0.199
28.6806	0.198
28.7006	0.197
28.7206	0.197
28.7406	0.197
28.7606	0.197
28.7806	0.198
28.8006	0.200
28.8206	0.201
28.8406	0.203
28.8606	0.206
28.8806	0.208
28.9006	0.211
28.9206	0.214
28.9406	0.218
28.9606	0.221
28.9807	0.224
29.0007	0.229
29.0207	0.232
29.0407	0.235
29.0607	0.238
29.0807	0.240
29.1007	0.242
29.1207	0.243
29.1407	0.245
29.1607	0.245
29.1807	0.246
29.2007	0.246
29.2207	0.245
29.2407	0.244
29.2607	0.243
29.2807	0.242
29.3007	0.239
29.3207	0.238
29.3407	0.235
29.3607	0.233
29.3807	0.231
29.4007	0.226
29.4206	0.224
29.4406	0.221
29.4606	0.219
29.4806	0.217
29.5006	0.215
29.5206	0.213
29.5406	0.211
29.5606	0.210
29.5806	0.209
29.6006	0.208
29.6206	0.207
29.6406	0.207
29.6606	0.207
29.6806	0.207
29.7006	0.207
29.7206	0.207
29.7406	0.208
29.7606	0.209
29.7806	0.209
29.8006	0.210
29.8206	0.212
29.8406	0.212
29.8606	0.213
29.8806	0.214
29.9006	0.216
29.9206	0.217
29.9406	0.218
29.9606	0.221
29.9806	0.221
30.0006	0.223
30.0206	0.224
30.0407	0.225
30.0607	0.225
30.0807	0.226
30.1007	0.228
30.1207	0.228
30.1407	0.229
30.1607	0.230
30.1807	0.231
30.2007	0.230
30.2207	0.230
30.2407	0.233
30.2607	0.231
30.2807	0.234
30.3007	0.235
30.3207	0.235
30.3407	0.236
30.3607	0.236
30.3807	0.236
30.4007	0.237
30.4207	0.236
30.4407	0.235
30.4607	0.235
30.4807	0.234
30.5007	0.233
30.5207	0.232
30.5407	0.229
30.5607	0.228
30.5807	0.227
30.6007	0.225
30.6206	0.220
30.6406	0.218
30.6606	0.216
30.6806	0.214
30.7006	0.211
30.7206	0.209
30.7406	0.207
30.7606	0.206
30.7806	0.204
30.8006	0.202
30.8206	0.202
30.8406	0.201
30.8606	0.201
30.8806	0.201
30.9006	0.201
30.9206	0.202
30.9406	0.203
30.9606	0.206
30.9806	0.206
31.0006	0.208
31.0206	0.211
31.0406	0.213
31.0606	0.216
31.0806	0.219
31.1007	0.224
31.1207	0.225
31.1407	0.228
31.1607	0.231
31.1807	0.235
31.2007	0.239
31.2207	0.241
31.2407	0.243
31.2607	0.245
31.2807	0.245
31.3007	0.246
31.3207	0.248
31.3407	0.247
31.3607	0.246
31.3807	0.246
31.4007	0.245
31.4207	0.243
31.4407	0.241
31.4607	0.238
31.4807	0.235
31.5007	0.231
31.5207	0.230
31.5407	0.225
31.5606	0.222
31.5806	0.219
31.6006	0.216
31.6206	0.213
31.6406	0.210
31.6606	0.208
31.6806	0.206
31.7006	0.204
31.7206	0.202
31.7406	0.202
31.7606	0.201
31.7806	0.200
31.8006	0.201
31.8206	0.201
31.8406	0.202
31.8606	0.203
31.8806	0.204
31.9006	0.206
31.9206	0.207
31.9406	0.209
31.9606	0.212
31.9806	0.214
32.0006	0.216
32.0206	0.219
32.0406	0.222
32.0607	0.225
32.0807	0.227
32.1007	0.229
32.1207	0.230
32.1407	0.232
32.1607	0.233
32.1807	0.235
32.2007	0.235
32.2207	0.236
32.2407	0.236
32.2607	0.237
32.2807	0.235
32.3007	0.234
32.3207	0.236
32.3407	0.235
32.3607	0.235
32.3807	0.234
32.4007	0.233
32.4207	0.231
32.4407	0.230
32.4607	0.231
32.4807	0.230
32.5007	0.227
32.5207	0.228
32.5407	0.228
32.5607	0.227
32.5807	0.226
32.6007	0.225
32.6207	0.224
32.6406	0.223
32.6606	0.221
32.6806	0.219
32.7006	0.218
32.7206	0.217
32.7406	0.217
32.7606	0.216
32.7806	0.214
32.8006	0.213
32.8206	0.212
32.8406	0.212
32.8606	0.211
32.8806	0.210
32.9006	0.209
32.9206	0.209
32.9406	0.208
32.9606	0.208
32.9806	0.208
33.0006	0.208
33.0206	0.208
33.0406	0.211
33.0606	0.209
33.0806	0.210
33.1006	0.211
33.1206	0.212
33.1406	0.214
33.1606	0.216
33.1806	0.217
33.2006	0.219
33.2206	0.222
33.2407	0.224
33.2607	0.228
33.2807	0.231
33.3007	0.232
33.3207	0.235
33.3407	0.237
33.3607	0.238
33.3807	0.241
33.4007	0.242
33.4207	0.243
33.4407	0.244
33.4607	0.244
33.4807	0.244
33.5007	0.244
33.5207	0.243
33.5407	0.242
33.5607	0.241
33.5807	0.239
33.6007	0.237
33.6207	0.234
33.6407	0.232
33.6607	0.228
33.6807	0.225
33.7006	0.221
33.7206	0.218
33.7406	0.215
33.7606	0.212
33.7806	0.209
33.8006	0.206
33.8206	0.204
33.8406	0.202
33.8606	0.201
33.8806	0.200
33.9006	0.199
33.9206	0.198
33.9406	0.198
33.9606	0.199
33.9806	0.200
34.0006	0.201
34.0206	0.202
34.0406	0.204
34.0606	0.206
34.0806	0.209
34.1006	0.212
34.1206	0.215
34.1406	0.218
34.1606	0.220
34.1806	0.223
34.2007	0.227
34.2207	0.231
34.2407	0.234
34.2607	0.235
34.2807	0.238
34.3007	0.239
34.3207	0.241
34.3407	0.242
34.3607	0.242
34.3807	0.240
34.4007	0.243
34.4207	0.242
34.4407	0.242
34.4607	0.241
34.4807	0.240
34.5007	0.238
34.5207	0.235
34.5407	0.235
34.5607	0.232
34.5807	0.230
34.6007	0.228
34.6207	0.224
34.6407	0.224
34.6606	0.220
34.6806	0.221
34.7006	0.217
34.7206	0.215
34.7406	0.213
34.7606	0.213
34.7806	0.211
34.8006	0.211
34.8206	0.210
34.8406	0.209
34.8606	0.209
34.8806	0.209
34.9006	0.209
34.9206	0.209
34.9406	0.209
34.9606	0.210
34.9806	0.211
35.0006	0.211
35.0206	0.211
35.0406	0.213
35.0606	0.213
35.0806	0.213
35.1006	0.214
35.1206	0.216
35.1406	0.216
35.1606	0.217
35.1806	0.217
35.2006	0.219
35.2206	0.221
35.2406	0.220
35.2606	0.223
35.2806	0.224
35.3006	0.223
35.3207	0.224
35.3407	0.225
35.3607	0.228
35.3807	0.227
35.4007	0.230
35.4207	0.230
35.4407	0.232
35.4607	0.232
35.4807	0.234
35.5007	0.235
35.5207	0.234
35.5407	0.236
35.5607	0.236
35.5807	0.238
35.6007	0.238
35.6207	0.237
35.6407	0.237
35.6607	0.237
35.6807	0.236
35.7007	0.234
35.7207	0.231
35.7407	0.231
35.7607	0.228
35.7807	0.228
35.8007	0.225
35.8206	0.221
35.8406	0.221
35.8606	0.217
35.8806	0.216
35.9006	0.212
35.9206	0.210
35.9406	0.208
35.9606	0.206
35.9806	0.205
36.0006	0.203
36.0206	0.202
36.0406	0.201
36.0606	0.201
36.0806	0.201
36.1006	0.201
36.1206	0.202
36.1406	0.203
36.1606	0.204
36.1806	0.206
36.2006	0.208
36.2206	0.210
36.2406	0.213
36.2606	0.216
36.2806	0.219
36.3006	0.222
36.3207	0.225
36.3407	0.229
36.3607	0.231
36.3807	0.233
36.4007	0.237
36.4207	0.239
36.4407	0.242
36.4607	0.243
36.4807	0.245
36.5007	0.245
36.5207	0.245
36.5407	0.245
36.5607	0.245
36.5807	0.244
36.6007	0.243
36.6207	0.241
36.6407	0.240
36.6607	0.238
36.6807	0.235
36.7007	0.232
36.7207	0.228
36.7407	0.227
36.7607	0.224
36.7806	0.222
36.8006	0.217
36.8206	0.214
36.8406	0.212
36.8606	0.209
36.8806	0.208
36.9006	0.206
36.9206	0.205
36.9406	0.204
36.9606	0.203
36.9806	0.202
37.0006	0.203
37.0206	0.203
37.0406	0.204
37.0606	0.205
37.0806	0.206
37.1006	0.207
37.1206	0.209
37.1406	0.210
37.1606	0.212
37.1806	0.214
37.2006	0.216
37.2206	0.219
37.2406	0.220
37.2606	0.221
37.2807	0.224
37.3007	0.227
37.3207	0.228
37.3407	0.228
37.3607	0.231
37.3807	0.232
37.4007	0.233
37.4207	0.234
37.4407	0.234
37.4607	0.233
37.4807	0.235
37.5007	0.235
37.5207	0.233
37.5407	0.235
37.5607	0.234
37.5807	0.233
37.6007	0.232
37.6207	0.230
37.6407	0.232
37.6607	0.231
37.6807	0.231
37.7007	0.230
37.7207	0.228
37.7407	0.228
37.7607	0.227
37.7807	0.228
37.8007	0.227
37.8207	0.226
37.8407	0.225
37.8606	0.222
37.8806	0.222
37.9006	0.222
37.9206	0.221
37.9406	0.218
37.9606	0.216
37.9806	0.216
38.0006	0.214
38.0206	0.213
38.0406	0.212
38.0606	0.211
38.0806	0.210
38.1006	0.209
38.1206	0.208
38.1406	0.208
38.1606	0.207
38.1806	0.207
38.2006	0.207
38.2206	0.207
38.2406	0.207
38.2606	0.208
38.2806	0.209
38.3006	0.210
38.3206	0.213
38.3406	0.213
38.3606	0.216
38.3806	0.217
38.4006	0.219
38.4206	0.222
38.4407	0.224
38.4607	0.228
38.4807	0.229
38.5007	0.233
38.5207	0.235
38.5407	0.236
38.5607	0.237
38.5807	0.240
38.6007	0.242
38.6207	0.242
38.6407	0.243
38.6607	0.243
38.6807	0.244
38.7007	0.243
38.7207	0.242
38.7407	0.241
