Tempo	Posicao
0.0206	0.208
0.0406	0.212
0.0606	0.217
0.0806	0.223
0.1007	0.228
0.1207	0.235
0.1407	0.240
0.1607	0.241
0.1807	0.247
0.2007	0.249
0.2207	0.250
0.2407	0.251
0.2607	0.250
0.2807	0.249
0.3007	0.246
0.3207	0.242
0.3407	0.238
0.3607	0.233
0.3807	0.227
0.4006	0.222
0.4206	0.217
0.4406	0.211
0.4606	0.205
0.4806	0.202
0.5006	0.199
0.5206	0.196
0.5406	0.192
0.5606	0.192
0.5806	0.192
0.6006	0.194
0.6206	0.196
0.6406	0.199
0.6606	0.203
0.6806	0.208
0.7006	0.213
0.7206	0.219
0.7407	0.226
0.7607	0.229
0.7807	0.236
0.8007	0.241
0.8207	0.245
0.8407	0.248
0.8607	0.250
0.8807	0.251
0.9007	0.251
0.9207	0.250
0.9407	0.248
0.9607	0.245
0.9807	0.241
1.0007	0.235
1.0207	0.232
1.0407	0.224
1.0606	0.218
1.0806	0.214
1.1006	0.208
1.1206	0.204
1.1406	0.200
1.1606	0.197
1.1806	0.194
1.2006	0.193
1.2206	0.192
1.2406	0.193
1.2606	0.195
1.2806	0.199
1.3006	0.201
1.3206	0.205
1.3406	0.211
1.3606	0.216
1.3806	0.222
1.4007	0.225
1.4207	0.232
1.4407	0.237
1.4607	0.241
1.4807	0.245
1.5007	0.248
1.5207	0.250
1.5407	0.250
1.5607	0.250
1.5807	0.249
1.6007	0.245
1.6207	0.243
1.6407	0.240
1.6607	0.236
1.6807	0.230
1.7006	0.223
1.7206	0.219
1.7406	0.214
1.7606	0.208
1.7806	0.205
1.8006	0.200
1.8206	0.199
1.8406	0.194
1.8606	0.195
1.8806	0.193
1.9006	0.196
1.9206	0.195
1.9406	0.198
1.9606	0.202
1.9806	0.206
2.0006	0.211
2.0206	0.216
2.0406	0.221
2.0607	0.229
2.0807	0.232
2.1007	0.236
2.1207	0.243
2.1407	0.246
2.1607	0.248
2.1807	0.250
2.2007	0.250
2.2207	0.250
2.2407	0.249
2.2607	0.246
2.2807	0.243
2.3007	0.239
2.3207	0.233
2.3407	0.229
2.3606	0.223
2.3806	0.218
2.4006	0.213
2.4206	0.207
2.4406	0.202
2.4606	0.198
2.4806	0.195
2.5006	0.195
2.5206	0.193
2.5406	0.193
2.5606	0.194
2.5806	0.196
2.6006	0.199
2.6206	0.204
2.6406	0.208
2.6606	0.213
2.6806	0.218
2.7006	0.223
2.7207	0.230
2.7407	0.235
2.7607	0.239
2.7807	0.243
2.8007	0.246
2.8207	0.249
2.8407	0.250
2.8607	0.250
2.8807	0.250
2.9007	0.246
2.9207	0.245
2.9407	0.241
2.9607	0.238
2.9807	0.233
3.0007	0.227
3.0206	0.222
3.0406	0.215
3.0606	0.212
3.0806	0.205
3.1006	0.201
3.1206	0.198
3.1406	0.195
3.1606	0.193
3.1806	0.193
3.2006	0.195
3.2206	0.195
3.2406	0.199
3.2606	0.200
3.2806	0.204
3.3006	0.210
3.3206	0.215
3.3406	0.218
3.3607	0.224
3.3807	0.229
3.4007	0.235
3.4207	0.240
3.4407	0.243
3.4607	0.247
3.4807	0.249
3.5007	0.250
3.5207	0.250
3.5407	0.249
3.5607	0.247
3.5807	0.244
3.6007	0.239
3.6207	0.236
3.6407	0.230
3.6607	0.227
3.6806	0.221
3.7006	0.214
3.7206	0.211
3.7406	0.205
3.7606	0.201
3.7806	0.197
3.8006	0.195
3.8206	0.194
3.8406	0.195
3.8606	0.194
3.8806	0.195
3.9006	0.197
3.9206	0.201
3.9406	0.205
3.9606	0.210
3.9806	0.215
4.0006	0.220
4.0207	0.227
4.0407	0.232
4.0607	0.236
4.0807	0.241
4.1007	0.244
4.1207	0.247
4.1407	0.249
4.1607	0.250
4.1807	0.250
4.2007	0.248
4.2207	0.246
4.2407	0.243
4.2607	0.239
4.2807	0.235
4.3007	0.228
4.3207	0.225
4.3406	0.218
4.3606	0.212
4.3806	0.208
4.4006	0.203
4.4206	0.200
4.4406	0.197
4.4606	0.195
4.4806	0.194
4.5006	0.192
4.5206	0.194
4.5406	0.196
4.5606	0.198
4.5806	0.202
4.6006	0.207
4.6206	0.211
4.6406	0.219
4.6606	0.223
4.6807	0.228
4.7007	0.233
4.7207	0.238
4.7407	0.242
4.7607	0.245
4.7807	0.247
4.8007	0.249
4.8207	0.250
4.8407	0.249
4.8607	0.248
4.8807	0.245
4.9007	0.242
4.9207	0.238
4.9407	0.234
4.9607	0.228
4.9806	0.222
5.0006	0.218
5.0206	0.212
5.0406	0.209
5.0606	0.203
5.0806	0.199
5.1006	0.196
5.1206	0.195
5.1406	0.195
5.1606	0.193
5.1806	0.194
5.2006	0.196
5.2206	0.199
5.2406	0.203
5.2606	0.207
5.2806	0.212
5.3006	0.217
5.3207	0.224
5.3407	0.229
5.3607	0.233
5.3807	0.239
5.4007	0.243
5.4207	0.246
5.4407	0.248
5.4607	0.250
5.4807	0.250
5.5007	0.249
5.5207	0.247
5.5407	0.245
5.5607	0.241
5.5807	0.237
5.6007	0.232
5.6207	0.226
5.6406	0.222
5.6606	0.216
5.6806	0.211
5.7006	0.206
5.7206	0.201
5.7406	0.198
5.7606	0.195
5.7806	0.194
5.8006	0.193
5.8206	0.196
5.8406	0.195
5.8606	0.199
5.8806	0.202
5.9006	0.206
5.9206	0.208
5.9406	0.216
5.9606	0.219
5.9807	0.226
6.0007	0.231
6.0207	0.236
6.0407	0.240
6.0607	0.243
6.0807	0.246
6.1007	0.249
6.1207	0.249
6.1407	0.250
6.1607	0.249
6.1807	0.246
6.2007	0.242
6.2207	0.240
6.2407	0.236
6.2607	0.231
6.2807	0.225
6.3006	0.222
6.3206	0.214
6.3406	0.211
6.3606	0.205
6.3806	0.201
6.4006	0.197
6.4206	0.195
6.4406	0.194
6.4606	0.195
6.4806	0.194
6.5006	0.196
6.5206	0.198
6.5406	0.201
6.5606	0.205
6.5806	0.211
6.6006	0.217
6.6206	0.222
6.6407	0.225
6.6607	0.232
6.6807	0.237
6.7007	0.241
6.7207	0.244
6.7407	0.247
6.7607	0.249
6.7807	0.250
6.8007	0.250
6.8207	0.248
6.8407	0.246
6.8607	0.243
6.8807	0.239
6.9007	0.232
6.9207	0.230
6.9407	0.225
6.9606	0.219
6.9806	0.213
7.0006	0.207
7.0206	0.205
7.0406	0.200
7.0606	0.197
7.0806	0.195
7.1006	0.194
7.1206	0.194
7.1406	0.194
7.1606	0.197
7.1806	0.199
7.2006	0.202
7.2206	0.207
7.2406	0.212
7.2606	0.219
7.2806	0.222
7.3007	0.227
7.3207	0.234
7.3407	0.238
7.3607	0.243
7.3807	0.246
7.4007	0.246
7.4207	0.249
7.4407	0.249
7.4607	0.250
7.4807	0.247
7.5007	0.245
7.5207	0.242
7.5407	0.236
7.5607	0.231
7.5807	0.229
7.6006	0.223
7.6206	0.218
7.6406	0.211
7.6606	0.208
7.6806	0.202
7.7006	0.199
7.7206	0.196
7.7406	0.194
7.7606	0.196
7.7806	0.195
7.8006	0.195
7.8206	0.199
7.8406	0.200
7.8606	0.206
7.8806	0.208
7.9006	0.212
7.9206	0.218
7.9406	0.223
7.9607	0.229
7.9807	0.234
8.0007	0.238
8.0207	0.243
8.0407	0.246
8.0607	0.248
8.0807	0.249
8.1007	0.250
8.1207	0.249
8.1407	0.245
8.1607	0.244
8.1807	0.241
8.2007	0.237
8.2207	0.232
8.2407	0.225
8.2606	0.222
8.2806	0.215
8.3006	0.211
8.3206	0.206
8.3406	0.202
8.3606	0.198
8.3806	0.196
8.4006	0.194
8.4206	0.194
8.4406	0.194
8.4606	0.195
8.4806	0.198
8.5006	0.201
8.5206	0.205
8.5406	0.211
8.5606	0.216
8.5806	0.221
8.6007	0.227
8.6207	0.231
8.6407	0.236
8.6607	0.240
8.6807	0.244
8.7007	0.246
8.7207	0.248
8.7407	0.249
8.7607	0.250
8.7807	0.248
8.8007	0.246
8.8207	0.243
8.8407	0.239
8.8607	0.235
8.8807	0.230
8.9007	0.226
8.9206	0.218
8.9406	0.213
8.9606	0.209
8.9806	0.205
9.0006	0.202
9.0206	0.198
9.0406	0.195
9.0606	0.194
9.0806	0.194
9.1006	0.195
9.1206	0.198
9.1406	0.199
9.1606	0.202
9.1806	0.206
9.2006	0.210
9.2206	0.216
9.2406	0.223
9.2607	0.226
9.2807	0.232
9.3007	0.237
9.3207	0.241
9.3407	0.244
9.3607	0.246
9.3807	0.249
9.4007	0.249
9.4207	0.249
9.4407	0.247
9.4607	0.245
9.4807	0.243
9.5007	0.238
9.5207	0.234
9.5407	0.229
9.5606	0.223
9.5806	0.219
9.6006	0.212
9.6206	0.208
9.6406	0.206
9.6606	0.201
9.6806	0.199
9.7006	0.195
9.7206	0.194
9.7406	0.194
9.7606	0.195
9.7806	0.199
9.8006	0.199
9.8206	0.203
9.8406	0.207
9.8606	0.212
9.8806	0.218
9.9006	0.222
9.9207	0.229
9.9407	0.232
9.9607	0.238
9.9807	0.242
10.0007	0.244
10.0207	0.247
10.0407	0.249
10.0607	0.250
10.0807	0.249
10.1007	0.247
10.1207	0.245
10.1407	0.241
10.1607	0.238
10.1807	0.232
10.2007	0.228
10.2206	0.222
10.2406	0.218
10.2606	0.211
10.2806	0.207
10.3006	0.203
10.3206	0.199
10.3406	0.197
10.3606	0.195
10.3806	0.194
10.4006	0.194
10.4206	0.195
10.4406	0.197
10.4606	0.201
10.4806	0.206
10.5006	0.210
10.5206	0.213
10.5406	0.218
10.5607	0.225
10.5807	0.230
10.6007	0.234
10.6207	0.239
10.6407	0.243
10.6607	0.245
10.6807	0.247
10.7007	0.249
10.7207	0.249
10.7407	0.248
10.7607	0.246
10.7807	0.244
10.8007	0.240
10.8207	0.236
10.8407	0.232
10.8607	0.225
10.8806	0.222
10.9006	0.215
10.9206	0.210
10.9406	0.208
10.9606	0.202
10.9806	0.198
11.0006	0.197
11.0206	0.195
11.0406	0.194
11.0606	0.195
11.0806	0.196
11.1006	0.198
11.1206	0.201
11.1406	0.205
11.1606	0.210
11.1806	0.215
11.2006	0.221
11.2207	0.226
11.2407	0.229
11.2607	0.236
11.2807	0.240
11.3007	0.243
11.3207	0.246
11.3407	0.248
11.3607	0.249
11.3807	0.249
11.4007	0.247
11.4207	0.246
11.4407	0.243
11.4607	0.239
11.4807	0.233
11.5007	0.230
11.5207	0.225
11.5406	0.220
11.5606	0.216
11.5806	0.208
11.6006	0.205
11.6206	0.201
11.6406	0.198
11.6606	0.195
11.6806	0.194
11.7006	0.194
11.7206	0.195
11.7406	0.198
11.7606	0.199
11.7806	0.202
11.8006	0.208
11.8206	0.213
11.8406	0.218
11.8606	0.221
11.8807	0.225
11.9007	0.233
11.9207	0.237
11.9407	0.241
11.9607	0.244
11.9807	0.246
12.0007	0.249
12.0207	0.249
12.0407	0.246
12.0607	0.247
12.0807	0.245
12.1007	0.242
12.1207	0.238
12.1407	0.232
12.1607	0.229
12.1806	0.222
12.2006	0.219
12.2206	0.212
12.2406	0.209
12.2606	0.205
12.2806	0.200
12.3006	0.198
12.3206	0.195
12.3406	0.194
12.3606	0.194
12.3806	0.195
12.4006	0.197
12.4206	0.200
12.4406	0.206
12.4606	0.209
12.4806	0.212
12.5006	0.219
12.5206	0.221
12.5407	0.229
12.5607	0.232
12.5807	0.238
12.6007	0.241
12.6207	0.244
12.6407	0.247
12.6607	0.248
12.6807	0.249
12.7007	0.248
12.7207	0.246
12.7407	0.243
12.7607	0.241
12.7807	0.237
12.8007	0.233
12.8207	0.228
12.8406	0.222
12.8606	0.218
12.8806	0.213
12.9006	0.207
12.9206	0.203
12.9406	0.200
12.9606	0.198
12.9806	0.195
13.0006	0.194
13.0206	0.195
13.0406	0.196
13.0606	0.198
13.0806	0.201
13.1006	0.204
13.1206	0.208
13.1406	0.213
13.1606	0.218
13.1807	0.225
13.2007	0.230
13.2207	0.234
13.2407	0.239
13.2607	0.243
13.2807	0.245
13.3007	0.247
13.3207	0.248
13.3407	0.249
13.3607	0.248
13.3807	0.246
13.4007	0.243
13.4207	0.240
13.4407	0.236
13.4607	0.231
13.4807	0.224
13.5006	0.222
13.5206	0.214
13.5406	0.212
13.5606	0.205
13.5806	0.202
13.6006	0.198
13.6206	0.197
13.6406	0.195
13.6606	0.195
13.6806	0.195
13.7006	0.198
13.7206	0.199
13.7406	0.202
13.7606	0.206
13.7806	0.210
13.8006	0.215
13.8206	0.221
13.8407	0.225
13.8607	0.232
13.8807	0.236
13.9007	0.240
13.9207	0.243
13.9407	0.246
13.9607	0.247
13.9807	0.249
14.0007	0.248
14.0207	0.247
14.0407	0.245
14.0607	0.243
14.0807	0.239
14.1007	0.235
14.1207	0.230
14.1407	0.225
14.1606	0.219
14.1806	0.215
14.2006	0.208
14.2206	0.204
14.2406	0.201
14.2606	0.198
14.2806	0.196
14.3006	0.195
14.3206	0.194
14.3406	0.195
14.3606	0.198
14.3806	0.199
14.4006	0.203
14.4206	0.207
14.4406	0.211
14.4606	0.216
14.4806	0.221
14.5007	0.226
14.5207	0.232
14.5407	0.236
14.5607	0.240
14.5807	0.242
14.6007	0.246
14.6207	0.248
14.6407	0.249
14.6607	0.247
14.6807	0.247
14.7007	0.245
14.7207	0.241
14.7407	0.238
14.7607	0.232
14.7807	0.229
14.8006	0.222
14.8206	0.219
14.8406	0.213
14.8606	0.208
14.8806	0.203
14.9006	0.200
14.9206	0.197
14.9406	0.195
14.9606	0.195
14.9806	0.195
15.0006	0.195
15.0206	0.197
15.0406	0.200
15.0606	0.204
15.0806	0.207
15.1006	0.212
15.1206	0.219
15.1406	0.222
15.1607	0.229
15.1807	0.233
15.2007	0.237
15.2207	0.241
15.2407	0.244
15.2607	0.246
15.2807	0.247
15.3007	0.248
15.3207	0.247
15.3407	0.246
15.3607	0.244
15.3807	0.240
15.4007	0.237
15.4207	0.233
15.4407	0.227
15.4606	0.221
15.4806	0.218
15.5006	0.211
15.5206	0.209
15.5406	0.203
15.5606	0.200
15.5806	0.197
15.6006	0.196
15.6206	0.195
15.6406	0.195
15.6606	0.199
15.6806	0.198
15.7006	0.201
15.7206	0.205
15.7406	0.209
15.7606	0.214
15.7806	0.219
15.8007	0.225
15.8207	0.230
15.8407	0.235
15.8607	0.239
15.8807	0.242
15.9007	0.245
15.9207	0.247
15.9407	0.248
15.9607	0.248
15.9807	0.247
16.0007	0.246
16.0207	0.243
16.0407	0.240
16.0607	0.236
16.0807	0.231
16.1007	0.224
16.1206	0.221
16.1406	0.216
16.1606	0.209
16.1806	0.205
16.2006	0.202
16.2206	0.198
16.2406	0.197
16.2606	0.195
16.2806	0.195
16.3006	0.195
16.3206	0.199
16.3406	0.199
16.3606	0.202
16.3806	0.206
16.4006	0.211
16.4206	0.215
16.4406	0.220
16.4607	0.225
16.4807	0.232
16.5007	0.236
16.5207	0.237
16.5407	0.243
16.5607	0.246
16.5807	0.247
16.6007	0.248
16.6207	0.246
16.6407	0.247
16.6607	0.245
16.6807	0.242
16.7007	0.239
16.7207	0.234
16.7407	0.228
16.7607	0.225
16.7806	0.218
16.8006	0.213
16.8206	0.208
16.8406	0.205
16.8606	0.201
16.8806	0.198
16.9006	0.196
16.9206	0.195
16.9406	0.195
16.9606	0.194
16.9806	0.197
17.0006	0.200
17.0206	0.203
17.0406	0.207
17.0606	0.211
17.0806	0.216
17.1006	0.222
17.1207	0.226
17.1407	0.232
17.1607	0.237
17.1807	0.240
17.2007	0.243
17.2207	0.246
17.2407	0.247
17.2607	0.248
17.2807	0.247
17.3007	0.247
17.3207	0.242
17.3407	0.241
17.3607	0.236
17.3807	0.232
17.4007	0.229
17.4207	0.224
17.4406	0.219
17.4606	0.213
17.4806	0.208
17.5006	0.206
17.5206	0.201
17.5406	0.198
17.5606	0.196
17.5806	0.195
17.6006	0.195
17.6206	0.196
17.6406	0.198
17.6606	0.201
17.6806	0.204
17.7006	0.208
17.7206	0.212
17.7406	0.219
17.7607	0.224
17.7807	0.229
17.8007	0.233
17.8207	0.237
17.8407	0.241
17.8607	0.242
17.8807	0.246
17.9007	0.248
17.9207	0.248
17.9407	0.247
17.9607	0.246
17.9807	0.243
18.0007	0.238
18.0207	0.236
18.0407	0.232
18.0607	0.225
18.0806	0.223
18.1006	0.217
18.1206	0.211
18.1406	0.207
18.1606	0.203
18.1806	0.200
18.2006	0.199
18.2206	0.196
18.2406	0.195
18.2606	0.195
18.2806	0.197
18.3006	0.199
18.3206	0.202
18.3406	0.205
18.3606	0.211
18.3806	0.215
18.4006	0.218
18.4207	0.226
18.4407	0.230
18.4607	0.233
18.4807	0.239
18.5007	0.242
18.5207	0.245
18.5407	0.247
18.5607	0.248
18.5807	0.248
18.6007	0.247
18.6207	0.245
18.6407	0.243
18.6607	0.239
18.6807	0.235
18.7007	0.230
18.7207	0.226
18.7406	0.219
18.7606	0.215
18.7806	0.210
18.8006	0.205
18.8206	0.202
18.8406	0.199
18.8606	0.197
18.8806	0.195
18.9006	0.194
18.9206	0.195
18.9406	0.198
18.9606	0.199
18.9806	0.202
19.0006	0.206
19.0206	0.211
19.0406	0.215
19.0606	0.222
19.0807	0.225
19.1007	0.232
19.1207	0.236
19.1407	0.238
19.1607	0.243
19.1807	0.246
19.2007	0.247
19.2207	0.248
19.2407	0.247
19.2607	0.247
19.2807	0.244
19.3007	0.241
19.3207	0.238
19.3407	0.232
19.3607	0.228
19.3807	0.225
19.4006	0.218
19.4206	0.213
19.4406	0.211
19.4606	0.205
19.4806	0.201
19.5006	0.198
19.5206	0.197
19.5406	0.195
19.5606	0.195
19.5806	0.196
19.6006	0.197
19.6206	0.201
19.6406	0.204
19.6606	0.207
19.6806	0.211
19.7006	0.219
19.7206	0.223
19.7407	0.228
19.7607	0.233
19.7807	0.237
19.8007	0.240
19.8207	0.243
19.8407	0.246
19.8607	0.247
19.8807	0.247
19.9007	0.247
19.9207	0.246
19.9407	0.243
19.9607	0.240
19.9807	0.236
20.0007	0.233
20.0207	0.228
20.0406	0.221
20.0606	0.218
20.0806	0.213
20.1006	0.207
20.1206	0.205
20.1406	0.203
20.1606	0.198
20.1806	0.197
20.2006	0.195
20.2206	0.195
20.2406	0.199
20.2606	0.198
20.2806	0.201
20.3006	0.204
20.3206	0.208
20.3406	0.214
20.3606	0.218
20.3807	0.224
20.4007	0.229
20.4207	0.232
20.4407	0.237
20.4607	0.241
20.4807	0.242
20.5007	0.246
20.5207	0.247
20.5407	0.248
20.5607	0.247
20.5807	0.245
20.6007	0.242
20.6207	0.240
20.6407	0.236
20.6607	0.231
20.6807	0.227
20.7006	0.222
20.7206	0.215
20.7406	0.213
20.7606	0.208
20.7806	0.205
20.8006	0.202
20.8206	0.197
20.8406	0.196
20.8606	0.195
20.8806	0.196
20.9006	0.197
20.9206	0.199
20.9406	0.202
20.9606	0.206
20.9806	0.210
21.0006	0.214
21.0206	0.219
21.0407	0.226
21.0607	0.229
21.0807	0.235
21.1007	0.239
21.1207	0.242
21.1407	0.245
21.1607	0.246
21.1807	0.246
21.2007	0.247
21.2207	0.246
21.2407	0.244
21.2607	0.242
21.2807	0.239
21.3007	0.232
21.3207	0.229
21.3407	0.225
21.3606	0.219
21.3806	0.216
21.4006	0.210
21.4206	0.205
21.4406	0.202
21.4606	0.199
21.4806	0.197
21.5006	0.195
21.5206	0.195
21.5406	0.196
21.5606	0.197
21.5806	0.200
21.6006	0.203
21.6206	0.209
21.6406	0.213
21.6606	0.216
21.6806	0.222
21.7007	0.226
21.7207	0.232
21.7407	0.236
21.7607	0.240
21.7807	0.243
21.8007	0.245
21.8207	0.246
21.8407	0.248
21.8607	0.247
21.8807	0.246
21.9007	0.244
21.9207	0.241
21.9407	0.238
21.9607	0.233
21.9807	0.229
22.0007	0.224
22.0206	0.218
22.0406	0.213
22.0606	0.209
22.0806	0.205
22.1006	0.201
22.1206	0.198
22.1406	0.197
22.1606	0.196
22.1806	0.196
22.2006	0.196
22.2206	0.198
22.2406	0.201
22.2606	0.204
22.2806	0.208
22.3006	0.212
22.3206	0.217
22.3406	0.222
22.3607	0.228
22.3807	0.233
22.4007	0.237
22.4207	0.240
22.4407	0.243
22.4607	0.246
22.4807	0.247
22.5007	0.247
22.5207	0.246
22.5407	0.246
22.5607	0.243
22.5807	0.240
22.6007	0.236
22.6207	0.232
22.6407	0.228
22.6606	0.223
22.6806	0.219
22.7006	0.212
22.7206	0.208
22.7406	0.205
22.7606	0.201
22.7806	0.197
22.8006	0.197
22.8206	0.196
22.8406	0.196
22.8606	0.197
22.8806	0.199
22.9006	0.201
22.9206	0.205
22.9406	0.209
22.9606	0.216
22.9806	0.218
23.0007	0.225
23.0207	0.229
23.0407	0.232
23.0607	0.236
23.0807	0.241
23.1007	0.244
23.1207	0.246
23.1407	0.247
23.1607	0.247
23.1807	0.246
23.2007	0.245
23.2207	0.243
23.2407	0.239
23.2607	0.235
23.2807	0.231
23.3007	0.226
23.3206	0.222
23.3406	0.215
23.3606	0.212
23.3806	0.206
23.4006	0.203
23.4206	0.201
23.4406	0.197
23.4606	0.196
23.4806	0.196
23.5006	0.196
23.5206	0.197
23.5406	0.200
23.5606	0.203
23.5806	0.206
23.6006	0.211
23.6206	0.214
23.6406	0.221
23.6607	0.224
23.6807	0.230
23.7007	0.235
23.7207	0.239
23.7407	0.242
23.7607	0.244
23.7807	0.247
23.8007	0.247
23.8207	0.247
23.8407	0.246
23.8607	0.244
23.8807	0.241
23.9007	0.238
23.9207	0.233
23.9407	0.230
23.9607	0.225
23.9806	0.218
24.0006	0.214
24.0206	0.208
24.0406	0.205
24.0606	0.202
24.0806	0.199
24.1006	0.197
24.1206	0.196
24.1406	0.195
24.1606	0.196
24.1806	0.198
24.2006	0.201
24.2206	0.204
24.2406	0.208
24.2606	0.211
24.2806	0.218
24.3006	0.222
24.3207	0.227
24.3407	0.232
24.3607	0.237
24.3807	0.239
24.4007	0.243
24.4207	0.243
24.4407	0.246
24.4607	0.247
24.4807	0.247
24.5007	0.246
24.5207	0.243
24.5407	0.240
24.5607	0.236
24.5807	0.233
24.6007	0.229
24.6206	0.222
24.6406	0.218
24.6606	0.213
24.6806	0.208
24.7006	0.205
24.7206	0.201
24.7406	0.199
24.7606	0.197
24.7806	0.196
24.8006	0.196
24.8206	0.199
24.8406	0.198
24.8606	0.201
24.8806	0.204
24.9006	0.208
24.9206	0.212
24.9406	0.217
24.9606	0.222
24.9807	0.228
25.0007	0.233
25.0207	0.237
25.0407	0.239
25.0607	0.243
25.0807	0.246
25.1007	0.246
25.1207	0.246
25.1407	0.246
25.1607	0.245
25.1807	0.243
25.2007	0.240
25.2207	0.237
25.2407	0.232
25.2607	0.227
25.2806	0.223
25.3006	0.216
25.3206	0.213
25.3406	0.207
25.3606	0.203
25.3806	0.201
25.4006	0.198
25.4206	0.196
25.4406	0.196
25.4606	0.196
25.4806	0.197
25.5006	0.199
25.5206	0.202
25.5406	0.205
25.5606	0.212
25.5806	0.214
25.6006	0.218
25.6207	0.225
25.6407	0.230
25.6607	0.232
25.6807	0.238
25.7007	0.241
25.7207	0.244
25.7407	0.246
25.7607	0.247
25.7807	0.247
25.8007	0.247
25.8207	0.245
25.8407	0.242
25.8607	0.239
25.8807	0.235
25.9007	0.230
25.9207	0.226
25.9406	0.220
25.9606	0.217
25.9806	0.212
26.0006	0.206
26.0206	0.203
26.0406	0.201
26.0606	0.197
26.0806	0.196
26.1006	0.196
26.1206	0.196
26.1406	0.198
26.1606	0.200
26.1806	0.203
26.2006	0.207
26.2206	0.213
26.2406	0.216
26.2606	0.222
26.2807	0.226
26.3007	0.231
26.3207	0.235
26.3407	0.239
26.3607	0.242
26.3807	0.244
26.4007	0.246
26.4207	0.247
26.4407	0.247
26.4607	0.246
26.4807	0.244
26.5007	0.239
26.5207	0.238
26.5407	0.232
26.5607	0.229
26.5807	0.225
26.6006	0.219
26.6206	0.214
26.6406	0.210
26.6606	0.205
26.6806	0.202
26.7006	0.200
26.7206	0.197
26.7406	0.197
26.7606	0.196
26.7806	0.197
26.8006	0.198
26.8206	0.201
26.8406	0.204
26.8606	0.207
26.8806	0.212
26.9006	0.216
26.9206	0.222
26.9407	0.225
26.9607	0.230
26.9807	0.236
27.0007	0.240
27.0207	0.243
27.0407	0.244
27.0607	0.247
27.0807	0.247
27.1007	0.247
27.1207	0.245
27.1407	0.243
27.1607	0.238
27.1807	0.237
27.2007	0.232
27.2207	0.228
27.2406	0.222
27.2606	0.219
27.2806	0.213
27.3006	0.208
27.3206	0.204
27.3406	0.201
27.3606	0.198
27.3806	0.197
27.4006	0.198
27.4206	0.199
27.4406	0.197
27.4606	0.199
27.4806	0.202
27.5006	0.205
27.5206	0.209
27.5406	0.214
27.5606	0.217
27.5806	0.222
27.6007	0.229
27.6207	0.233
27.6407	0.235
27.6607	0.238
27.6807	0.243
27.7007	0.246
27.7207	0.246
27.7407	0.246
27.7607	0.246
27.7807	0.244
27.8007	0.243
27.8207	0.239
27.8407	0.236
27.8607	0.232
27.8807	0.226
27.9006	0.223
27.9206	0.216
27.9406	0.211
27.9606	0.209
27.9806	0.205
28.0006	0.200
28.0206	0.198
28.0406	0.198
28.0606	0.196
28.0806	0.198
28.1006	0.197
28.1206	0.202
28.1406	0.203
28.1606	0.206
28.1806	0.210
28.2006	0.214
28.2206	0.219
28.2407	0.225
28.2607	0.230
28.2807	0.233
28.3007	0.238
28.3207	0.241
28.3407	0.242
28.3607	0.246
28.3807	0.247
28.4007	0.246
28.4207	0.246
28.4407	0.244
28.4607	0.240
28.4807	0.238
28.5007	0.235
28.5207	0.229
28.5407	0.225
28.5606	0.219
28.5806	0.215
28.6006	0.210
28.6206	0.206
28.6406	0.203
28.6606	0.202
28.6806	0.198
28.7006	0.197
28.7206	0.196
28.7406	0.197
28.7606	0.198
28.7806	0.201
28.8006	0.203
28.8206	0.208
28.8406	0.212
28.8606	0.215
28.8806	0.222
28.9007	0.224
28.9207	0.231
28.9407	0.235
28.9607	0.239
28.9807	0.242
29.0007	0.244
29.0207	0.246
29.0407	0.247
29.0607	0.246
29.0807	0.246
29.1007	0.243
29.1207	0.240
29.1407	0.237
29.1607	0.232
29.1807	0.229
29.2007	0.225
29.2206	0.218
29.2406	0.214
29.2606	0.209
29.2806	0.205
29.3006	0.202
29.3206	0.200
29.3406	0.198
29.3606	0.199
29.3806	0.197
29.4006	0.198
29.4206	0.199
29.4406	0.201
29.4606	0.204
29.4806	0.208
29.5006	0.212
29.5206	0.217
29.5406	0.223
29.5607	0.226
29.5807	0.232
29.6007	0.237
29.6207	0.240
29.6407	0.243
29.6607	0.245
29.6807	0.246
29.7007	0.247
29.7207	0.246
29.7407	0.244
29.7607	0.243
29.7807	0.240
29.8007	0.236
29.8207	0.232
29.8407	0.226
29.8606	0.223
29.8806	0.219
29.9006	0.212
29.9206	0.208
29.9406	0.205
29.9606	0.201
29.9806	0.198
30.0006	0.197
30.0206	0.197
30.0406	0.199
30.0606	0.197
30.0806	0.199
30.1006	0.202
30.1206	0.205
30.1406	0.209
30.1606	0.216
30.1806	0.218
30.2006	0.222
30.2207	0.229
30.2407	0.233
30.2607	0.237
30.2807	0.239
30.3007	0.243
30.3207	0.245
30.3407	0.246
30.3607	0.246
30.3807	0.246
30.4007	0.244
30.4207	0.242
30.4407	0.238
30.4607	0.236
30.4807	0.230
30.5007	0.225
30.5206	0.222
30.5406	0.215
30.5606	0.211
30.5806	0.207
30.6006	0.203
30.6206	0.201
30.6406	0.198
30.6606	0.199
30.6806	0.197
30.7006	0.197
30.7206	0.198
30.7406	0.200
30.7606	0.203
30.7806	0.206
30.8006	0.212
30.8206	0.215
30.8406	0.219
30.8607	0.225
30.8807	0.230
30.9007	0.234
30.9207	0.238
30.9407	0.240
30.9607	0.244
30.9807	0.245
31.0007	0.247
31.0207	0.246
31.0407	0.245
31.0607	0.243
31.0807	0.240
31.1007	0.236
31.1207	0.233
31.1407	0.228
31.1607	0.225
31.1806	0.219
31.2006	0.215
31.2206	0.211
31.2406	0.206
31.2606	0.203
31.2806	0.201
31.3006	0.198
31.3206	0.197
31.3406	0.197
31.3606	0.197
31.3806	0.198
31.4006	0.201
31.4206	0.204
31.4406	0.207
31.4606	0.211
31.4806	0.215
31.5006	0.222
31.5207	0.225
31.5407	0.230
31.5607	0.235
31.5807	0.239
31.6007	0.241
31.6207	0.244
31.6407	0.246
31.6607	0.246
31.6807	0.246
31.7007	0.245
31.7207	0.243
31.7407	0.240
31.7607	0.237
31.7807	0.233
31.8007	0.229
31.8206	0.223
31.8406	0.217
31.8606	0.213
31.8806	0.210
31.9006	0.205
31.9206	0.202
31.9406	0.199
31.9606	0.198
31.9806	0.197
32.0006	0.199
32.0206	0.197
32.0406	0.199
32.0606	0.202
32.0806	0.205
32.1006	0.208
32.1206	0.215
32.1406	0.217
32.1606	0.222
32.1807	0.226
32.2007	0.231
32.2207	0.236
32.2407	0.239
32.2607	0.243
32.2807	0.244
32.3007	0.246
32.3207	0.246
32.3407	0.246
32.3607	0.244
32.3807	0.243
32.4007	0.239
32.4207	0.236
32.4407	0.232
32.4607	0.225
32.4806	0.221
32.5006	0.217
32.5206	0.212
32.5406	0.207
32.5606	0.204
32.5806	0.201
32.6006	0.199
32.6206	0.197
32.6406	0.199
32.6606	0.197
32.6806	0.198
32.7006	0.200
32.7206	0.203
32.7406	0.206
32.7606	0.210
32.7806	0.214
32.8006	0.220
32.8207	0.224
32.8407	0.229
32.8607	0.232
32.8807	0.237
32.9007	0.240
32.9207	0.243
32.9407	0.245
32.9607	0.246
32.9807	0.247
33.0007	0.246
33.0207	0.243
33.0407	0.242
33.0607	0.239
33.0807	0.235
33.1007	0.229
33.1207	0.226
33.1406	0.220
33.1606	0.215
33.1806	0.211
33.2006	0.207
33.2206	0.204
33.2406	0.201
33.2606	0.198
33.2806	0.197
33.3006	0.199
33.3206	0.197
33.3406	0.198
33.3606	0.201
33.3806	0.205
33.4006	0.207
33.4206	0.211
33.4406	0.214
33.4606	0.221
33.4807	0.226
33.5007	0.230
33.5207	0.234
33.5407	0.238
33.5607	0.241
33.5807	0.244
33.6007	0.245
33.6207	0.246
33.6407	0.246
33.6607	0.245
33.6807	0.243
33.7007	0.239
33.7207	0.237
33.7407	0.232
33.7607	0.228
33.7807	0.225
33.8006	0.219
33.8206	0.216
33.8406	0.212
33.8606	0.207
33.8806	0.205
33.9006	0.201
33.9206	0.198
33.9406	0.197
33.9606	0.198
33.9806	0.197
34.0006	0.199
34.0206	0.201
34.0406	0.204
34.0606	0.208
34.0806	0.212
34.1006	0.216
34.1206	0.223
34.1407	0.227
34.1607	0.231
34.1807	0.236
34.2007	0.239
34.2207	0.242
34.2407	0.244
34.2607	0.246
34.2807	0.246
34.3007	0.246
34.3207	0.244
34.3407	0.243
34.3607	0.240
34.3807	0.236
34.4007	0.233
34.4207	0.229
34.4406	0.222
34.4606	0.219
34.4806	0.214
34.5006	0.209
34.5206	0.205
34.5406	0.201
34.5606	0.200
34.5806	0.198
34.6006	0.197
34.6206	0.197
34.6406	0.198
34.6606	0.200
34.6806	0.202
34.7006	0.205
34.7206	0.209
34.7406	0.215
34.7606	0.218
34.7806	0.222
34.8007	0.228
34.8207	0.233
34.8407	0.236
34.8607	0.240
34.8807	0.242
34.9007	0.244
34.9207	0.246
34.9407	0.246
34.9607	0.246
34.9807	0.242
35.0007	0.242
35.0207	0.239
35.0407	0.236
35.0607	0.231
35.0807	0.225
35.1006	0.221
35.1206	0.218
35.1406	0.214
35.1606	0.208
35.1806	0.205
35.2006	0.201
35.2206	0.199
35.2406	0.198
35.2606	0.197
35.2806	0.197
35.3006	0.198
35.3206	0.202
35.3406	0.202
35.3606	0.206
35.3806	0.210
35.4006	0.214
35.4206	0.219
35.4407	0.225
35.4607	0.229
35.4807	0.234
35.5007	0.237
35.5207	0.241
35.5407	0.243
35.5607	0.245
35.5807	0.245
35.6007	0.246
35.6207	0.245
35.6407	0.241
35.6607	0.241
35.6807	0.238
35.7007	0.233
35.7207	0.228
35.7407	0.226
35.7606	0.222
35.7806	0.217
35.8006	0.211
35.8206	0.209
35.8406	0.204
35.8606	0.201
35.8806	0.199
35.9006	0.197
35.9206	0.199
35.9406	0.197
35.9606	0.199
35.9806	0.201
36.0006	0.204
36.0206	0.207
36.0406	0.211
36.0606	0.216
36.0806	0.222
36.1007	0.226
36.1207	0.229
36.1407	0.232
36.1607	0.238
36.1807	0.241
36.2007	0.243
36.2207	0.245
36.2407	0.246
36.2607	0.246
36.2807	0.243
36.3007	0.243
36.3207	0.238
36.3407	0.237
36.3607	0.233
36.3807	0.229
36.4007	0.224
36.4206	0.219
36.4406	0.214
36.4606	0.212
36.4806	0.207
36.5006	0.203
36.5206	0.200
36.5406	0.198
36.5606	0.198
36.5806	0.197
36.6006	0.198
36.6206	0.199
36.6406	0.202
36.6606	0.205
36.6806	0.208
36.7006	0.212
36.7206	0.219
36.7406	0.223
36.7607	0.226
36.7807	0.232
36.8007	0.235
36.8207	0.239
36.8407	0.242
36.8607	0.244
36.8807	0.246
36.9007	0.246
36.9207	0.245
36.9407	0.244
36.9607	0.242
36.9807	0.240
37.0007	0.236
37.0207	0.233
37.0407	0.228
37.0606	0.222
37.0806	0.219
37.1006	0.213
37.1206	0.208
37.1406	0.205
37.1606	0.202
37.1806	0.200
37.2006	0.198
37.2206	0.197
37.2406	0.197
37.2606	0.198
37.2806	0.199
37.3006	0.202
37.3206	0.205
37.3406	0.209
37.3606	0.214
37.3806	0.220
37.4006	0.222
37.4207	0.229
37.4407	0.232
37.4607	0.236
37.4807	0.240
37.5007	0.243
37.5207	0.244
37.5407	0.245
37.5607	0.246
37.5807	0.245
37.6007	0.243
37.6207	0.242
37.6407	0.238
37.6607	0.234
37.6807	0.229
37.7007	0.225
37.7206	0.222
37.7406	0.216
37.7606	0.212
37.7806	0.208
37.8006	0.204
37.8206	0.202
37.8406	0.199
37.8606	0.198
37.8806	0.197
37.9006	0.198
37.9206	0.198
37.9406	0.202
37.9606	0.203
37.9806	0.207
38.0006	0.211
38.0206	0.214
38.0406	0.219
38.0607	0.225
38.0807	0.230
38.1007	0.233
38.1207	0.237
38.1407	0.240
38.1607	0.243
38.1807	0.245
38.2007	0.246
38.2207	0.246
38.2407	0.245
38.2607	0.243
38.2807	0.239
38.3007	0.237
38.3207	0.232
38.3407	0.230
38.3607	0.226
38.3806	0.219
38.4006	0.215
38.4206	0.211
38.4406	0.207
38.4606	0.204
38.4806	0.202
38.5006	0.199
38.5206	0.198
38.5406	0.197
38.5606	0.198
38.5806	0.199
38.6006	0.201
38.6206	0.204
38.6406	0.207
38.6606	0.212
38.6806	0.216
38.7006	0.222
38.7207	0.224
38.7407	0.230
38.7607	0.233
38.7807	0.239
38.8007	0.241
38.8207	0.243
38.8407	0.245
38.8607	0.245
38.8807	0.245
38.9007	0.244
38.9207	0.243
38.9407	0.240
38.9607	0.237
38.9807	0.233
39.0007	0.229
39.0207	0.224
39.0406	0.218
39.0606	0.214
39.0806	0.211
39.1006	0.206
39.1206	0.203
39.1406	0.201
39.1606	0.198
39.1806	0.197
39.2006	0.197
39.2206	0.198
39.2406	0.200
39.2606	0.202
39.2806	0.205
39.3006	0.209
39.3206	0.213
39.3406	0.219
39.3606	0.221
39.3807	0.228
39.4007	0.232
39.4207	0.235
39.4407	0.239
39.4607	0.242
39.4807	0.244
39.5007	0.245
39.5207	0.245
39.5407	0.245
39.5607	0.244
39.5807	0.242
39.6007	0.239
39.6207	0.235
39.6407	0.231
39.6607	0.227
39.6806	0.223
39.7006	0.219
39.7206	0.214
39.7406	0.208
39.7606	0.205
39.7806	0.202
39.8006	0.200
39.8206	0.198
39.8406	0.197
39.8606	0.198
39.8806	0.198
39.9006	0.201
39.9206	0.202
39.9406	0.206
39.9606	0.212
39.9806	0.214
40.0006	0.218
40.0206	0.221
40.0407	0.229
40.0607	0.233
40.0807	0.236
40.1007	0.239
40.1207	0.243
40.1407	0.244
40.1607	0.245
40.1807	0.246
40.2007	0.244
40.2207	0.241
40.2407	0.241
40.2607	0.238
40.2807	0.234
40.3007	0.230
40.3207	0.227
40.3406	0.222
40.3606	0.218
40.3806	0.212
40.4006	0.208
40.4206	0.204
40.4406	0.201
40.4606	0.199
40.4806	0.198
40.5006	0.197
40.5206	0.198
40.5406	0.199
40.5606	0.201
40.5806	0.204
40.6006	0.207
40.6206	0.213
40.6406	0.215
40.6606	0.219
40.6807	0.225
40.7007	0.228
40.7207	0.234
40.7407	0.237
40.7607	0.241
40.7807	0.243
40.8007	0.244
40.8207	0.245
40.8407	0.245
40.8607	0.244
40.8807	0.243
40.9007	0.240
40.9207	0.237
40.9407	0.233
40.9607	0.229
40.9807	0.225
41.0006	0.219
41.0206	0.214
41.0406	0.211
41.0606	0.207
41.0806	0.204
41.1006	0.201
41.1206	0.199
41.1406	0.198
41.1606	0.198
41.1806	0.198
41.2006	0.200
41.2206	0.202
41.2406	0.205
41.2606	0.208
41.2806	0.212
41.3006	0.218
41.3206	0.221
41.3407	0.225
41.3607	0.229
41.3807	0.235
41.4007	0.239
41.4207	0.241
41.4407	0.243
41.4607	0.245
41.4807	0.245
41.5007	0.245
41.5207	0.242
41.5407	0.242
41.5607	0.239
41.5807	0.236
41.6007	0.232
41.6207	0.226
41.6406	0.222
41.6606	0.217
41.6806	0.215
41.7006	0.209
41.7206	0.206
41.7406	0.203
41.7606	0.202
41.7806	0.198
41.8006	0.198
41.8206	0.198
41.8406	0.198
41.8606	0.202
41.8806	0.202
41.9006	0.205
41.9206	0.209
41.9406	0.214
41.9606	0.219
41.9806	0.222
42.0007	0.226
42.0207	0.230
42.0407	0.236
42.0607	0.239
42.0807	0.242
42.1007	0.244
42.1207	0.245
42.1407	0.246
42.1607	0.245
42.1807	0.243
42.2007	0.241
42.2207	0.239
42.2407	0.236
42.2607	0.231
42.2807	0.225
42.3006	0.221
42.3206	0.218
42.3406	0.212
42.3606	0.208
42.3806	0.205
42.4006	0.202
42.4206	0.200
42.4406	0.198
42.4606	0.197
42.4806	0.198
42.5006	0.199
42.5206	0.201
42.5406	0.203
42.5606	0.206
42.5806	0.212
42.6006	0.215
42.6206	0.220
42.6407	0.224
42.6607	0.229
42.6807	0.233
42.7007	0.237
42.7207	0.240
42.7407	0.242
42.7607	0.244
42.7807	0.245
42.8007	0.245
42.8207	0.244
42.8407	0.243
42.8607	0.239
42.8807	0.237
42.9007	0.232
42.9207	0.228
42.9407	0.225
42.9606	0.222
42.9806	0.216
43.0006	0.211
43.0206	0.208
43.0406	0.204
43.0606	0.200
43.0806	0.200
43.1006	0.198
43.1206	0.198
43.1406	0.198
43.1606	0.199
43.1806	0.201
43.2006	0.204
43.2206	0.207
43.2406	0.211
43.2606	0.215
43.2806	0.221
43.3007	0.224
43.3207	0.230
43.3407	0.232
43.3607	0.235
43.3807	0.240
43.4007	0.243
43.4207	0.244
43.4407	0.245
43.4607	0.245
43.4807	0.244
43.5007	0.243
43.5207	0.239
43.5407	0.237
43.5607	0.233
43.5807	0.229
43.6007	0.225
43.6206	0.218
