Tempo	Posicao
0.0207	0.248
0.0407	0.249
0.0607	0.248
0.0807	0.247
0.1007	0.246
0.1207	0.243
0.1407	0.242
0.1607	0.240
0.1807	0.238
0.2007	0.235
0.2207	0.232
0.2407	0.229
0.2607	0.225
0.2806	0.222
0.3006	0.217
0.3206	0.214
0.3406	0.212
0.3606	0.210
0.3806	0.206
0.4006	0.203
0.4206	0.201
0.4406	0.199
0.4606	0.197
0.4806	0.196
0.5006	0.195
0.5206	0.195
0.5406	0.195
0.5606	0.195
0.5806	0.196
0.6006	0.197
0.6206	0.198
0.6406	0.200
0.6606	0.202
0.6806	0.205
0.7006	0.207
0.7206	0.211
0.7406	0.213
0.7606	0.217
0.7806	0.219
0.8007	0.225
0.8207	0.228
0.8407	0.231
0.8607	0.235
0.8807	0.238
0.9007	0.240
0.9207	0.242
0.9407	0.244
0.9607	0.246
0.9807	0.247
1.0007	0.249
1.0207	0.249
1.0407	0.249
1.0607	0.249
1.0807	0.248
1.1007	0.248
1.1207	0.246
1.1407	0.245
1.1607	0.243
1.1807	0.240
1.2007	0.239
1.2207	0.236
1.2407	0.233
1.2607	0.230
1.2807	0.228
1.3006	0.223
1.3206	0.219
1.3406	0.216
1.3606	0.213
1.3806	0.211
1.4006	0.208
1.4206	0.205
1.4406	0.203
1.4606	0.202
1.4806	0.200
1.5006	0.199
1.5206	0.198
1.5406	0.197
1.5606	0.197
1.5806	0.197
1.6006	0.197
1.6206	0.198
1.6406	0.199
1.6606	0.200
1.6806	0.202
1.7006	0.204
1.7206	0.206
1.7406	0.208
1.7606	0.211
1.7806	0.213
1.8006	0.217
1.8206	0.220
1.8407	0.224
1.8607	0.227
1.8807	0.227
1.9007	0.232
1.9207	0.235
1.9407	0.238
1.9607	0.240
1.9807	0.242
2.0007	0.244
2.0207	0.245
2.0407	0.246
2.0607	0.247
2.0807	0.248
2.1007	0.248
2.1207	0.247
2.1407	0.246
2.1607	0.246
2.1807	0.245
2.2007	0.243
2.2207	0.242
2.2407	0.239
2.2607	0.237
2.2807	0.235
2.3007	0.232
2.3207	0.229
2.3407	0.224
2.3606	0.221
2.3806	0.218
2.4006	0.216
2.4206	0.212
2.4406	0.210
2.4606	0.207
2.4806	0.205
2.5006	0.203
2.5206	0.201
2.5406	0.199
2.5606	0.198
2.5806	0.197
2.6006	0.196
2.6206	0.196
2.6406	0.196
2.6606	0.196
2.6806	0.197
2.7006	0.198
2.7206	0.200
2.7406	0.202
2.7606	0.204
2.7806	0.206
2.8006	0.209
2.8206	0.212
2.8406	0.215
2.8606	0.220
2.8806	0.223
2.9007	0.225
2.9207	0.227
2.9407	0.232
2.9607	0.233
2.9807	0.239
3.0007	0.241
3.0207	0.243
3.0407	0.245
3.0607	0.246
3.0807	0.248
3.1007	0.249
3.1207	0.249
3.1407	0.249
3.1607	0.249
3.1807	0.249
3.2007	0.247
3.2207	0.246
3.2407	0.244
3.2607	0.242
3.2807	0.239
3.3007	0.238
3.3207	0.234
3.3407	0.231
3.3607	0.226
3.3806	0.223
3.4006	0.220
3.4206	0.217
3.4406	0.214
3.4606	0.211
3.4806	0.208
3.5006	0.206
3.5206	0.203
3.5406	0.201
3.5606	0.200
3.5806	0.198
3.6006	0.197
3.6206	0.197
3.6406	0.196
3.6606	0.196
3.6806	0.197
3.7006	0.197
3.7206	0.198
3.7406	0.200
3.7606	0.201
3.7806	0.203
3.8006	0.206
3.8206	0.211
3.8406	0.211
3.8606	0.213
3.8806	0.217
3.9006	0.221
3.9207	0.225
3.9407	0.227
3.9607	0.228
3.9807	0.233
4.0007	0.235
4.0207	0.238
4.0407	0.240
4.0607	0.242
4.0807	0.243
4.1007	0.245
4.1207	0.246
4.1407	0.246
4.1607	0.247
4.1807	0.247
4.2007	0.246
4.2207	0.246
4.2407	0.245
4.2607	0.244
4.2807	0.242
4.3007	0.240
4.3207	0.239
4.3407	0.236
4.3607	0.234
4.3807	0.231
4.4007	0.228
4.4206	0.224
4.4406	0.221
4.4606	0.218
4.4806	0.216
4.5006	0.213
4.5206	0.210
4.5406	0.208
4.5606	0.206
4.5806	0.204
4.6006	0.202
4.6206	0.200
4.6406	0.199
4.6606	0.198
4.6806	0.198
4.7006	0.198
4.7206	0.198
4.7406	0.198
4.7606	0.199
4.7806	0.200
4.8006	0.201
4.8206	0.203
4.8406	0.205
4.8606	0.209
4.8806	0.210
4.9006	0.214
4.9206	0.214
4.9406	0.219
4.9606	0.220
4.9807	0.225
5.0007	0.228
5.0207	0.229
5.0407	0.233
5.0607	0.236
5.0807	0.239
5.1007	0.241
5.1207	0.243
5.1407	0.244
5.1607	0.245
5.1807	0.246
5.2007	0.247
5.2207	0.248
5.2407	0.248
5.2607	0.247
5.2807	0.246
5.3007	0.245
5.3207	0.244
5.3407	0.242
5.3607	0.239
5.3807	0.238
5.4007	0.235
5.4207	0.233
5.4407	0.229
5.4607	0.225
5.4806	0.222
5.5006	0.219
5.5206	0.216
5.5406	0.213
5.5606	0.210
5.5806	0.207
5.6006	0.205
5.6206	0.203
5.6406	0.201
5.6606	0.200
5.6806	0.198
5.7006	0.197
5.7206	0.197
5.7406	0.196
5.7606	0.197
5.7806	0.197
5.8006	0.198
5.8206	0.199
5.8406	0.201
5.8606	0.203
5.8806	0.205
5.9006	0.207
5.9206	0.210
5.9406	0.214
5.9606	0.217
5.9806	0.220
6.0006	0.221
6.0207	0.224
6.0407	0.227
6.0607	0.232
6.0807	0.235
6.1007	0.237
6.1207	0.239
6.1407	0.241
6.1607	0.243
6.1807	0.245
6.2007	0.246
6.2207	0.246
6.2407	0.247
6.2607	0.247
6.2807	0.247
6.3007	0.246
6.3207	0.245
6.3407	0.244
6.3607	0.243
6.3807	0.241
6.4007	0.236
6.4207	0.236
6.4407	0.234
6.4607	0.232
6.4807	0.228
6.5006	0.224
6.5206	0.221
6.5406	0.218
6.5606	0.215
6.5806	0.213
6.6006	0.210
6.6206	0.208
6.6406	0.206
6.6606	0.204
6.6806	0.202
6.7006	0.201
6.7206	0.200
6.7406	0.199
6.7606	0.198
6.7806	0.198
6.8006	0.199
6.8206	0.199
6.8406	0.200
6.8606	0.201
6.8806	0.202
6.9006	0.204
6.9206	0.206
6.9406	0.210
6.9606	0.210
6.9806	0.213
7.0006	0.215
7.0206	0.219
7.0406	0.222
7.0606	0.223
7.0807	0.227
7.1007	0.230
7.1207	0.232
7.1407	0.235
7.1607	0.237
7.1807	0.239
7.2007	0.241
7.2207	0.242
7.2407	0.242
7.2607	0.244
7.2807	0.245
7.3007	0.245
7.3207	0.246
7.3407	0.245
7.3607	0.245
7.3807	0.245
7.4007	0.243
7.4207	0.242
7.4407	0.240
7.4607	0.238
7.4807	0.235
7.5007	0.231
7.5207	0.231
7.5407	0.228
7.5607	0.225
7.5806	0.222
7.6006	0.220
7.6206	0.215
7.6406	0.212
7.6606	0.209
7.6806	0.207
7.7006	0.205
7.7206	0.203
7.7406	0.202
7.7606	0.200
7.7806	0.199
7.8006	0.198
7.8206	0.198
7.8406	0.197
7.8606	0.198
7.8806	0.198
7.9006	0.199
7.9206	0.200
7.9406	0.202
7.9606	0.204
7.9806	0.206
8.0006	0.208
8.0206	0.211
8.0406	0.216
8.0606	0.216
8.0806	0.221
8.1006	0.222
8.1207	0.227
8.1407	0.230
8.1607	0.233
8.1807	0.234
8.2007	0.238
8.2207	0.240
8.2407	0.243
8.2607	0.244
8.2807	0.245
8.3007	0.246
8.3207	0.247
8.3407	0.248
8.3607	0.248
8.3807	0.247
8.4007	0.246
8.4207	0.245
8.4407	0.243
8.4607	0.242
8.4807	0.240
8.5007	0.238
8.5207	0.235
8.5407	0.233
8.5607	0.230
8.5807	0.227
8.6006	0.223
8.6206	0.221
8.6406	0.217
8.6606	0.215
8.6806	0.213
8.7006	0.211
8.7206	0.206
8.7406	0.204
8.7606	0.202
8.7806	0.201
8.8006	0.199
8.8206	0.199
8.8406	0.198
8.8606	0.198
8.8806	0.198
8.9006	0.198
8.9206	0.199
8.9406	0.200
8.9606	0.202
8.9806	0.204
9.0006	0.205
9.0206	0.207
9.0406	0.210
9.0606	0.213
9.0806	0.217
9.1006	0.219
9.1206	0.220
9.1406	0.223
9.1607	0.228
9.1807	0.229
9.2007	0.231
9.2207	0.233
9.2407	0.237
9.2607	0.239
9.2807	0.241
9.3007	0.242
9.3207	0.243
9.3407	0.245
9.3607	0.245
9.3807	0.245
9.4007	0.245
9.4207	0.245
9.4407	0.245
9.4607	0.243
9.4807	0.242
9.5007	0.241
9.5207	0.240
9.5407	0.237
9.5607	0.236
9.5807	0.230
9.6007	0.230
9.6207	0.228
9.6406	0.223
9.6606	0.221
9.6806	0.218
9.7006	0.217
9.7206	0.215
9.7406	0.210
9.7606	0.208
9.7806	0.206
9.8006	0.204
9.8206	0.203
9.8406	0.201
9.8606	0.200
9.8806	0.199
9.9006	0.199
9.9206	0.199
9.9406	0.199
9.9606	0.199
9.9806	0.200
10.0006	0.201
10.0206	0.202
10.0406	0.204
10.0606	0.206
10.0806	0.208
10.1006	0.211
10.1206	0.213
10.1406	0.216
10.1606	0.218
10.1806	0.221
10.2007	0.224
10.2207	0.229
10.2407	0.231
10.2607	0.234
10.2807	0.236
10.3007	0.238
10.3207	0.240
10.3407	0.242
10.3607	0.244
10.3807	0.245
10.4007	0.246
10.4207	0.246
10.4407	0.246
10.4607	0.246
10.4807	0.246
10.5007	0.245
10.5207	0.244
10.5407	0.243
10.5607	0.241
10.5807	0.239
10.6007	0.237
10.6207	0.235
10.6407	0.232
10.6607	0.228
10.6806	0.224
10.7006	0.221
10.7206	0.218
10.7406	0.215
10.7606	0.213
10.7806	0.210
10.8006	0.207
10.8206	0.205
10.8406	0.203
10.8606	0.201
10.8806	0.200
10.9006	0.199
10.9206	0.198
10.9406	0.197
10.9606	0.197
10.9806	0.198
11.0006	0.198
11.0206	0.199
11.0406	0.201
11.0606	0.202
11.0806	0.204
11.1006	0.206
11.1206	0.209
11.1406	0.211
11.1606	0.214
11.1806	0.217
11.2006	0.220
11.2207	0.224
11.2407	0.228
11.2607	0.228
11.2807	0.232
11.3007	0.235
11.3207	0.238
11.3407	0.239
11.3607	0.242
11.3807	0.243
11.4007	0.244
11.4207	0.245
11.4407	0.246
11.4607	0.245
11.4807	0.246
11.5007	0.246
11.5207	0.245
11.5407	0.244
11.5607	0.243
11.5807	0.241
11.6007	0.239
11.6207	0.237
11.6407	0.235
11.6607	0.230
11.6807	0.229
11.7007	0.227
11.7207	0.225
11.7406	0.220
11.7606	0.217
11.7806	0.215
11.8006	0.212
11.8206	0.210
11.8406	0.208
11.8606	0.206
11.8806	0.204
11.9006	0.203
11.9206	0.201
11.9406	0.201
11.9606	0.200
11.9806	0.200
12.0006	0.199
12.0206	0.200
12.0406	0.200
12.0606	0.201
12.0806	0.202
12.1006	0.203
12.1206	0.205
12.1406	0.207
12.1606	0.209
12.1806	0.211
12.2006	0.214
12.2206	0.218
12.2406	0.221
12.2606	0.223
12.2807	0.225
12.3007	0.228
12.3207	0.231
12.3407	0.233
12.3607	0.236
12.3807	0.238
12.4007	0.239
12.4207	0.241
12.4407	0.242
12.4607	0.243
12.4807	0.245
12.5007	0.245
12.5207	0.245
12.5407	0.245
12.5607	0.245
12.5807	0.244
12.6007	0.243
12.6207	0.241
12.6407	0.240
12.6607	0.239
12.6807	0.235
12.7007	0.234
12.7207	0.232
12.7407	0.228
12.7607	0.225
12.7807	0.224
12.8006	0.221
12.8206	0.216
12.8406	0.214
12.8606	0.213
12.8806	0.209
12.9006	0.207
12.9206	0.205
12.9406	0.203
12.9606	0.201
12.9806	0.200
13.0006	0.199
13.0206	0.198
13.0406	0.198
13.0606	0.198
13.0806	0.199
13.1006	0.199
13.1206	0.201
13.1406	0.202
13.1606	0.204
13.1806	0.206
13.2006	0.208
13.2206	0.212
13.2406	0.213
13.2606	0.216
13.2806	0.220
13.3006	0.223
13.3207	0.226
13.3407	0.229
13.3607	0.232
13.3807	0.234
13.4007	0.236
13.4207	0.239
13.4407	0.241
13.4607	0.242
13.4807	0.244
13.5007	0.245
13.5207	0.246
13.5407	0.246
13.5607	0.246
13.5807	0.246
13.6007	0.245
13.6207	0.244
13.6407	0.243
13.6607	0.242
13.6807	0.240
13.7007	0.238
13.7207	0.235
13.7407	0.231
13.7607	0.231
13.7807	0.228
13.8006	0.223
13.8206	0.221
13.8406	0.218
13.8606	0.215
13.8806	0.213
13.9006	0.210
13.9206	0.208
13.9406	0.206
13.9606	0.204
13.9806	0.202
14.0006	0.201
14.0206	0.200
14.0406	0.200
14.0606	0.199
14.0806	0.199
14.1006	0.199
14.1206	0.200
14.1406	0.201
14.1606	0.202
14.1806	0.204
14.2006	0.205
14.2206	0.207
14.2406	0.209
14.2606	0.212
14.2806	0.214
14.3006	0.218
14.3206	0.221
14.3406	0.224
14.3607	0.226
14.3807	0.229
14.4007	0.231
14.4207	0.234
14.4407	0.235
14.4607	0.238
14.4807	0.239
14.5007	0.241
14.5207	0.242
14.5407	0.243
14.5607	0.244
14.5807	0.244
14.6007	0.244
14.6207	0.244
14.6407	0.244
14.6607	0.241
14.6807	0.242
14.7007	0.238
14.7207	0.239
14.7407	0.238
14.7607	0.236
14.7807	0.233
14.8007	0.232
14.8207	0.227
14.8407	0.224
14.8607	0.224
14.8806	0.219
14.9006	0.217
14.9206	0.214
14.9406	0.212
14.9606	0.210
14.9806	0.208
15.0006	0.206
15.0206	0.204
15.0406	0.203
15.0606	0.202
15.0806	0.201
15.1006	0.200
15.1206	0.200
15.1406	0.200
15.1606	0.200
15.1806	0.201
15.2006	0.204
15.2206	0.203
15.2406	0.205
15.2606	0.208
15.2806	0.208
15.3006	0.211
15.3206	0.214
15.3406	0.215
15.3606	0.219
15.3806	0.222
15.4007	0.225
15.4207	0.227
15.4407	0.227
15.4607	0.232
15.4807	0.235
15.5007	0.234
15.5207	0.239
15.5407	0.238
15.5607	0.242
15.5807	0.243
15.6007	0.244
15.6207	0.245
15.6407	0.245
15.6607	0.246
15.6807	0.245
15.7007	0.244
15.7207	0.243
15.7407	0.242
15.7607	0.241
15.7807	0.238
15.8007	0.237
15.8207	0.234
15.8407	0.232
15.8607	0.229
15.8807	0.227
15.9006	0.222
15.9206	0.219
15.9406	0.217
15.9606	0.214
15.9806	0.212
16.0006	0.209
16.0206	0.207
16.0406	0.205
16.0606	0.203
16.0806	0.202
16.1006	0.201
16.1206	0.200
16.1406	0.200
16.1606	0.199
16.1806	0.199
16.2006	0.201
16.2206	0.201
16.2406	0.202
16.2606	0.203
16.2806	0.205
16.3006	0.206
16.3206	0.209
16.3406	0.211
16.3606	0.213
16.3806	0.216
16.4006	0.219
16.4206	0.223
16.4406	0.223
16.4607	0.228
16.4807	0.231
16.5007	0.231
16.5207	0.235
16.5407	0.238
16.5607	0.239
16.5807	0.241
16.6007	0.242
16.6207	0.243
16.6407	0.244
16.6607	0.244
16.6807	0.244
16.7007	0.244
16.7207	0.243
16.7407	0.241
16.7607	0.242
16.7807	0.240
16.8007	0.237
16.8207	0.237
16.8407	0.235
16.8607	0.232
16.8807	0.231
16.9007	0.227
16.9207	0.224
16.9407	0.224
16.9606	0.219
16.9806	0.217
17.0006	0.214
17.0206	0.212
17.0406	0.210
17.0606	0.208
17.0806	0.206
17.1006	0.205
17.1206	0.203
17.1406	0.203
17.1606	0.202
17.1806	0.201
17.2006	0.201
17.2206	0.201
17.2406	0.201
17.2606	0.202
17.2806	0.203
17.3006	0.204
17.3206	0.206
17.3406	0.207
17.3606	0.209
17.3806	0.211
17.4006	0.213
17.4206	0.215
17.4406	0.218
17.4606	0.220
17.4807	0.224
17.5007	0.227
17.5207	0.227
17.5407	0.232
17.5607	0.233
17.5807	0.236
17.6007	0.237
17.6207	0.239
17.6407	0.240
17.6607	0.242
17.6807	0.243
17.7007	0.243
17.7207	0.244
17.7407	0.244
17.7607	0.244
17.7807	0.243
17.8007	0.242
17.8207	0.242
17.8407	0.240
17.8607	0.238
17.8807	0.237
17.9007	0.235
17.9207	0.233
17.9407	0.230
17.9607	0.228
17.9806	0.223
18.0006	0.222
18.0206	0.220
18.0406	0.216
18.0606	0.213
18.0806	0.211
18.1006	0.209
18.1206	0.207
18.1406	0.205
18.1606	0.203
18.1806	0.202
18.2006	0.201
18.2206	0.200
18.2406	0.200
18.2606	0.200
18.2806	0.200
18.3006	0.201
18.3206	0.201
18.3406	0.203
18.3606	0.204
18.3806	0.205
18.4006	0.207
18.4206	0.210
18.4406	0.212
18.4606	0.214
18.4806	0.217
18.5006	0.220
18.5206	0.222
18.5407	0.227
18.5607	0.228
18.5807	0.230
18.6007	0.234
18.6207	0.236
18.6407	0.238
18.6607	0.240
18.6807	0.242
18.7007	0.243
18.7207	0.244
18.7407	0.244
18.7607	0.245
18.7807	0.244
18.8007	0.244
18.8207	0.244
18.8407	0.243
18.8607	0.242
18.8807	0.240
18.9007	0.238
18.9207	0.236
18.9407	0.234
18.9607	0.232
18.9807	0.230
19.0007	0.227
19.0206	0.222
19.0406	0.221
19.0606	0.218
19.0806	0.215
19.1006	0.213
19.1206	0.210
19.1406	0.208
19.1606	0.206
19.1806	0.205
19.2006	0.203
19.2206	0.202
19.2406	0.201
19.2606	0.201
19.2806	0.201
19.3006	0.201
19.3206	0.201
19.3406	0.202
19.3606	0.203
19.3806	0.204
19.4006	0.205
19.4206	0.207
19.4406	0.209
19.4606	0.211
19.4806	0.213
19.5006	0.216
19.5206	0.217
19.5406	0.220
19.5607	0.224
19.5807	0.227
19.6007	0.227
19.6207	0.229
19.6407	0.233
19.6607	0.233
19.6807	0.238
19.7007	0.239
19.7207	0.240
19.7407	0.241
19.7607	0.242
19.7807	0.243
19.8007	0.243
19.8207	0.243
19.8407	0.243
19.8607	0.243
19.8807	0.242
19.9007	0.241
19.9207	0.239
19.9407	0.238
19.9607	0.236
19.9807	0.235
20.0007	0.232
20.0207	0.230
20.0407	0.228
20.0607	0.225
20.0806	0.223
20.1006	0.221
20.1206	0.218
20.1406	0.214
20.1606	0.212
20.1806	0.210
20.2006	0.208
20.2206	0.206
20.2406	0.205
20.2606	0.203
20.2806	0.202
20.3006	0.202
20.3206	0.201
20.3406	0.201
20.3606	0.201
20.3806	0.201
20.4006	0.202
20.4206	0.203
20.4406	0.204
20.4606	0.206
20.4806	0.207
20.5006	0.209
20.5206	0.212
20.5406	0.214
20.5606	0.216
20.5806	0.219
20.6006	0.221
20.6207	0.226
20.6407	0.228
20.6607	0.231
20.6807	0.233
20.7007	0.236
20.7207	0.235
20.7407	0.239
20.7607	0.240
20.7807	0.242
20.8007	0.243
20.8207	0.244
20.8407	0.244
20.8607	0.245
20.8807	0.244
20.9007	0.244
20.9207	0.243
20.9407	0.242
20.9607	0.241
20.9807	0.239
21.0007	0.237
21.0207	0.235
21.0407	0.233
21.0607	0.230
21.0807	0.228
21.1006	0.223
21.1206	0.223
21.1406	0.218
21.1606	0.216
21.1806	0.213
21.2006	0.211
21.2206	0.208
21.2406	0.207
21.2606	0.205
21.2806	0.203
21.3006	0.202
21.3206	0.201
21.3406	0.201
21.3606	0.200
21.3806	0.200
21.4006	0.200
21.4206	0.201
21.4406	0.202
21.4606	0.203
21.4806	0.205
21.5006	0.206
21.5206	0.208
21.5406	0.211
21.5606	0.213
21.5806	0.215
21.6006	0.218
21.6206	0.220
21.6406	0.223
21.6607	0.227
21.6807	0.229
21.7007	0.232
21.7207	0.234
21.7407	0.236
21.7607	0.237
21.7807	0.239
21.8007	0.241
21.8207	0.242
21.8407	0.243
21.8607	0.243
21.8807	0.243
21.9007	0.243
21.9207	0.243
21.9407	0.242
21.9607	0.242
21.9807	0.240
22.0007	0.238
22.0207	0.237
22.0407	0.235
22.0607	0.234
22.0807	0.232
22.1007	0.230
22.1207	0.227
22.1407	0.225
22.1606	0.220
22.1806	0.218
22.2006	0.216
22.2206	0.213
22.2406	0.212
22.2606	0.210
22.2806	0.208
22.3006	0.206
22.3206	0.205
22.3406	0.204
22.3606	0.203
22.3806	0.202
22.4006	0.202
22.4206	0.202
22.4406	0.202
22.4606	0.202
22.4806	0.203
22.5006	0.204
22.5206	0.205
22.5406	0.207
22.5606	0.208
22.5806	0.210
22.6006	0.213
22.6206	0.214
22.6406	0.218
22.6606	0.221
22.6806	0.223
22.7006	0.223
22.7207	0.228
22.7407	0.230
22.7607	0.233
22.7807	0.234
22.8007	0.236
22.8207	0.238
22.8407	0.240
22.8607	0.241
22.8807	0.242
22.9007	0.242
22.9207	0.243
22.9407	0.243
22.9607	0.243
22.9807	0.242
23.0007	0.242
23.0207	0.241
23.0407	0.240
23.0607	0.238
23.0807	0.237
23.1007	0.235
23.1207	0.231
23.1407	0.229
23.1607	0.229
23.1807	0.224
23.2007	0.224
23.2206	0.219
23.2406	0.217
23.2606	0.214
23.2806	0.212
23.3006	0.210
23.3206	0.208
23.3406	0.206
23.3606	0.205
23.3806	0.203
23.4006	0.202
23.4206	0.201
23.4406	0.201
23.4606	0.201
23.4806	0.201
23.5006	0.201
23.5206	0.202
23.5406	0.203
23.5606	0.204
23.5806	0.206
23.6006	0.208
23.6206	0.210
23.6406	0.214
23.6606	0.216
23.6806	0.217
23.7006	0.219
23.7206	0.223
23.7407	0.226
23.7607	0.228
23.7807	0.231
23.8007	0.233
23.8207	0.235
23.8407	0.237
23.8607	0.239
23.8807	0.240
23.9007	0.242
23.9207	0.243
23.9407	0.243
23.9607	0.243
23.9807	0.244
24.0007	0.243
24.0207	0.243
24.0407	0.241
24.0607	0.240
24.0807	0.239
24.1007	0.238
24.1207	0.236
24.1407	0.232
24.1607	0.230
24.1807	0.227
24.2007	0.227
24.2207	0.224
24.2406	0.220
24.2606	0.218
24.2806	0.216
24.3006	0.213
24.3206	0.212
24.3406	0.209
24.3606	0.208
24.3806	0.206
24.4006	0.205
24.4206	0.204
24.4406	0.203
24.4606	0.202
24.4806	0.202
24.5006	0.202
24.5206	0.202
24.5406	0.203
24.5606	0.204
24.5806	0.205
24.6006	0.206
24.6206	0.207
24.6406	0.210
24.6606	0.211
24.6806	0.214
24.7006	0.215
24.7206	0.218
24.7406	0.222
24.7606	0.223
24.7807	0.224
24.8007	0.228
24.8207	0.230
24.8407	0.232
24.8607	0.234
24.8807	0.236
24.9007	0.237
24.9207	0.238
24.9407	0.237
24.9607	0.240
24.9807	0.241
25.0007	0.241
25.0207	0.241
25.0407	0.242
25.0607	0.241
25.0807	0.241
25.1007	0.240
25.1207	0.239
25.1407	0.238
25.1607	0.236
25.1807	0.232
25.2007	0.232
25.2207	0.230
25.2407	0.227
25.2607	0.224
25.2806	0.222
25.3006	0.220
25.3206	0.218
25.3406	0.215
25.3606	0.213
25.3806	0.211
25.4006	0.209
25.4206	0.208
25.4406	0.206
25.4606	0.205
25.4806	0.204
25.5006	0.203
25.5206	0.202
25.5406	0.202
25.5606	0.202
25.5806	0.203
25.6006	0.203
25.6206	0.204
25.6406	0.205
25.6606	0.206
25.6806	0.208
25.7006	0.209
25.7206	0.213
25.7406	0.215
25.7606	0.217
25.7806	0.220
25.8006	0.221
25.8207	0.224
25.8407	0.227
25.8607	0.229
25.8807	0.230
25.9007	0.234
25.9207	0.235
25.9407	0.238
25.9607	0.239
25.9807	0.238
26.0007	0.241
26.0207	0.242
26.0407	0.242
26.0607	0.243
26.0807	0.241
26.1007	0.242
26.1207	0.242
26.1407	0.241
26.1607	0.240
26.1807	0.238
26.2007	0.237
26.2207	0.235
26.2407	0.231
26.2607	0.230
26.2807	0.228
26.3007	0.224
26.3206	0.222
26.3406	0.219
26.3606	0.217
26.3806	0.215
26.4006	0.212
26.4206	0.210
26.4406	0.209
26.4606	0.207
26.4806	0.205
26.5006	0.204
26.5206	0.203
26.5406	0.202
26.5606	0.202
26.5806	0.202
26.6006	0.202
26.6206	0.202
26.6406	0.203
26.6606	0.204
26.6806	0.206
26.7006	0.207
26.7206	0.208
26.7406	0.211
26.7606	0.213
26.7806	0.217
26.8006	0.217
26.8206	0.221
26.8406	0.222
26.8607	0.224
26.8807	0.227
26.9007	0.230
26.9207	0.232
26.9407	0.233
26.9607	0.235
26.9807	0.235
27.0007	0.238
27.0207	0.240
27.0407	0.241
27.0607	0.241
27.0807	0.242
27.1007	0.242
27.1207	0.241
27.1407	0.241
27.1607	0.241
27.1807	0.239
27.2007	0.238
27.2207	0.237
27.2407	0.235
27.2607	0.234
27.2807	0.232
27.3007	0.229
27.3207	0.228
27.3406	0.224
27.3606	0.222
27.3806	0.219
27.4006	0.218
27.4206	0.215
27.4406	0.213
27.4606	0.211
27.4806	0.210
27.5006	0.208
27.5206	0.207
27.5406	0.206
27.5606	0.205
27.5806	0.206
27.6006	0.203
27.6206	0.203
27.6406	0.203
27.6606	0.203
27.6806	0.205
27.7006	0.205
27.7206	0.206
27.7406	0.207
27.7606	0.208
27.7806	0.210
27.8006	0.212
27.8206	0.213
27.8406	0.216
27.8606	0.218
27.8806	0.220
27.9006	0.222
27.9207	0.225
27.9407	0.227
27.9607	0.228
27.9807	0.231
28.0007	0.234
28.0207	0.234
28.0407	0.237
28.0607	0.237
28.0807	0.240
28.1007	0.241
28.1207	0.242
28.1407	0.242
28.1607	0.242
28.1807	0.242
28.2007	0.241
28.2207	0.240
28.2407	0.239
28.2607	0.239
28.2807	0.235
28.3007	0.235
28.3207	0.233
28.3407	0.231
28.3607	0.229
28.3807	0.227
28.4007	0.224
28.4206	0.222
28.4406	0.220
28.4606	0.217
28.4806	0.213
28.5006	0.213
28.5206	0.210
28.5406	0.208
28.5606	0.206
28.5806	0.205
28.6006	0.204
28.6206	0.203
28.6406	0.202
28.6606	0.202
28.6806	0.202
28.7006	0.202
28.7206	0.203
28.7406	0.204
28.7606	0.205
28.7806	0.206
28.8006	0.208
28.8206	0.210
28.8406	0.212
28.8606	0.213
28.8806	0.216
28.9006	0.218
28.9206	0.220
28.9407	0.225
28.9607	0.227
28.9807	0.227
29.0007	0.230
29.0207	0.233
29.0407	0.235
29.0607	0.237
29.0807	0.237
29.1007	0.239
29.1207	0.241
29.1407	0.242
29.1607	0.242
29.1807	0.242
29.2007	0.242
29.2207	0.239
29.2407	0.241
29.2607	0.240
29.2807	0.239
29.3007	0.238
29.3207	0.234
29.3407	0.234
29.3607	0.232
29.3807	0.231
29.4007	0.228
29.4207	0.226
29.4406	0.223
29.4606	0.221
29.4806	0.219
29.5006	0.217
29.5206	0.213
29.5406	0.211
29.5606	0.209
29.5806	0.208
29.6006	0.207
29.6206	0.205
29.6406	0.205
29.6606	0.204
29.6806	0.203
29.7006	0.203
29.7206	0.203
29.7406	0.204
29.7606	0.204
29.7806	0.205
29.8006	0.206
29.8206	0.207
29.8406	0.209
29.8606	0.211
29.8806	0.212
29.9006	0.214
29.9206	0.217
29.9406	0.218
29.9606	0.220
29.9806	0.223
30.0007	0.225
30.0207	0.229
30.0407	0.230
30.0607	0.232
30.0807	0.235
30.1007	0.235
30.1207	0.235
30.1407	0.238
30.1607	0.238
30.1807	0.240
30.2007	0.241
30.2207	0.241
30.2407	0.241
30.2607	0.241
30.2807	0.240
30.3007	0.239
30.3207	0.238
30.3407	0.238
30.3607	0.237
30.3807	0.235
30.4007	0.233
30.4207	0.232
30.4407	0.229
30.4607	0.227
30.4807	0.225
30.5006	0.221
30.5206	0.221
30.5406	0.217
30.5606	0.214
30.5806	0.213
30.6006	0.211
30.6206	0.209
30.6406	0.207
30.6606	0.206
30.6806	0.205
30.7006	0.204
30.7206	0.203
30.7406	0.203
30.7606	0.203
30.7806	0.203
30.8006	0.203
30.8206	0.204
30.8406	0.205
30.8606	0.206
30.8806	0.208
30.9006	0.209
30.9206	0.211
30.9406	0.213
30.9606	0.215
30.9806	0.217
31.0006	0.222
31.0206	0.223
31.0407	0.226
31.0607	0.229
31.0807	0.230
31.1007	0.230
31.1207	0.234
31.1407	0.236
31.1607	0.238
31.1807	0.239
31.2007	0.239
31.2207	0.241
31.2407	0.242
31.2607	0.242
31.2807	0.242
31.3007	0.242
31.3207	0.241
31.3407	0.240
31.3607	0.239
31.3807	0.239
31.4007	0.236
31.4207	0.235
31.4407	0.233
31.4607	0.231
31.4807	0.229
31.5007	0.226
31.5206	0.223
31.5406	0.220
31.5606	0.218
31.5806	0.216
31.6006	0.213
31.6206	0.211
31.6406	0.209
31.6606	0.208
31.6806	0.206
31.7006	0.205
31.7206	0.204
31.7406	0.203
31.7606	0.203
31.7806	0.203
31.8006	0.203
31.8206	0.203
31.8406	0.204
31.8606	0.205
31.8806	0.206
31.9006	0.207
31.9206	0.209
31.9406	0.210
31.9606	0.212
31.9806	0.214
32.0006	0.217
32.0206	0.221
32.0406	0.222
32.0607	0.225
32.0807	0.227
32.1007	0.229
32.1207	0.231
32.1407	0.233
32.1607	0.234
32.1807	0.236
32.2007	0.237
32.2207	0.238
32.2407	0.239
32.2607	0.240
32.2807	0.240
32.3007	0.240
32.3207	0.241
32.3407	0.240
32.3607	0.240
32.3807	0.239
32.4007	0.238
32.4207	0.237
32.4407	0.235
32.4607	0.232
32.4807	0.232
32.5007	0.230
32.5207	0.228
32.5407	0.225
32.5606	0.223
32.5806	0.220
32.6006	0.218
32.6206	0.216
32.6406	0.214
32.6606	0.212
32.6806	0.211
32.7006	0.209
32.7206	0.208
32.7406	0.207
32.7606	0.206
32.7806	0.205
32.8006	0.205
32.8206	0.204
32.8406	0.204
32.8606	0.204
32.8806	0.205
32.9006	0.205
32.9206	0.206
32.9406	0.207
32.9606	0.209
32.9806	0.210
33.0006	0.212
33.0206	0.214
33.0406	0.215
33.0606	0.220
33.0806	0.221
33.1006	0.222
33.1207	0.226
33.1407	0.228
33.1607	0.230
33.1807	0.232
33.2007	0.231
33.2207	0.235
33.2407	0.234
33.2607	0.238
33.2807	0.239
33.3007	0.239
33.3207	0.240
33.3407	0.239
33.3607	0.241
33.3807	0.241
33.4007	0.240
33.4207	0.240
33.4407	0.239
33.4607	0.238
33.4807	0.236
33.5007	0.233
33.5207	0.233
33.5407	0.231
33.5607	0.229
33.5807	0.225
33.6007	0.226
33.6206	0.221
33.6406	0.220
33.6606	0.216
33.6806	0.214
33.7006	0.212
33.7206	0.211
33.7406	0.209
33.7606	0.207
33.7806	0.206
33.8006	0.205
33.8206	0.204
33.8406	0.203
33.8606	0.203
33.8806	0.203
33.9006	0.203
33.9206	0.204
33.9406	0.205
33.9606	0.206
33.9806	0.207
34.0006	0.210
34.0206	0.210
34.0406	0.214
34.0606	0.215
34.0806	0.218
34.1006	0.218
34.1206	0.222
34.1407	0.224
34.1607	0.224
34.1807	0.229
34.2007	0.230
34.2207	0.233
34.2407	0.235
34.2607	0.236
34.2807	0.238
34.3007	0.238
34.3207	0.239
34.3407	0.240
34.3607	0.241
34.3807	0.241
34.4007	0.241
34.4207	0.240
34.4407	0.240
34.4607	0.237
34.4807	0.238
34.5007	0.237
34.5207	0.235
34.5407	0.234
34.5607	0.230
34.5807	0.228
34.6007	0.228
34.6207	0.224
34.6406	0.222
34.6606	0.220
34.6806	0.218
34.7006	0.216
34.7206	0.214
34.7406	0.213
34.7606	0.211
34.7806	0.209
34.8006	0.208
34.8206	0.207
34.8406	0.206
34.8606	0.205
34.8806	0.205
34.9006	0.205
34.9206	0.205
34.9406	0.205
34.9606	0.205
34.9806	0.206
35.0006	0.207
35.0206	0.208
35.0406	0.209
35.0606	0.213
35.0806	0.214
35.1006	0.214
35.1206	0.216
35.1406	0.218
35.1606	0.222
35.1806	0.223
35.2007	0.226
35.2207	0.228
35.2407	0.230
35.2607	0.231
35.2807	0.233
35.3007	0.235
35.3207	0.235
35.3407	0.235
35.3607	0.238
35.3807	0.239
35.4007	0.239
35.4207	0.239
35.4407	0.240
35.4607	0.239
35.4807	0.239
35.5007	0.238
35.5207	0.238
35.5407	0.237
35.5607	0.235
35.5807	0.233
35.6007	0.231
35.6207	0.231
35.6407	0.227
35.6607	0.227
35.6806	0.224
35.7006	0.221
35.7206	0.220
35.7406	0.220
35.7606	0.216
35.7806	0.213
35.8006	0.212
35.8206	0.210
35.8406	0.209
35.8606	0.207
35.8806	0.206
35.9006	0.206
35.9206	0.205
35.9406	0.205
35.9606	0.204
35.9806	0.204
36.0006	0.205
36.0206	0.205
36.0406	0.206
36.0606	0.207
36.0806	0.208
36.1006	0.210
36.1206	0.211
36.1406	0.213
36.1606	0.215
36.1806	0.217
36.2006	0.221
36.2206	0.222
36.2406	0.223
36.2607	0.227
36.2807	0.227
36.3007	0.232
36.3207	0.233
36.3407	0.234
36.3607	0.236
36.3807	0.238
36.4007	0.239
36.4207	0.239
36.4407	0.239
36.4607	0.240
36.4807	0.241
36.5007	0.239
36.5207	0.239
36.5407	0.237
36.5607	0.238
36.5807	0.237
36.6007	0.236
36.6207	0.234
36.6407	0.230
36.6607	0.231
36.6807	0.229
36.7007	0.227
36.7207	0.225
36.7406	0.220
36.7606	0.220
36.7806	0.216
36.8006	0.215
36.8206	0.213
36.8406	0.211
36.8606	0.209
36.8806	0.208
36.9006	0.207
36.9206	0.206
36.9406	0.205
36.9606	0.205
36.9806	0.205
37.0006	0.205
37.0206	0.205
37.0406	0.205
37.0606	0.206
37.0806	0.207
37.1006	0.208
37.1206	0.209
37.1406	0.211
37.1606	0.213
37.1806	0.214
37.2006	0.216
37.2206	0.220
37.2406	0.220
37.2607	0.224
37.2807	0.224
37.3007	0.228
37.3207	0.228
37.3407	0.232
37.3607	0.232
37.3807	0.234
37.4007	0.235
37.4207	0.237
37.4407	0.238
37.4607	0.238
37.4807	0.237
37.5007	0.239
37.5207	0.239
37.5407	0.239
37.5607	0.239
37.5807	0.238
37.6007	0.237
37.6207	0.234
37.6407	0.235
37.6607	0.234
37.6807	0.232
37.7007	0.230
37.7207	0.227
37.7407	0.227
37.7607	0.224
37.7806	0.221
37.8006	0.221
37.8206	0.218
37.8406	0.216
37.8606	0.214
37.8806	0.214
37.9006	0.211
37.9206	0.209
37.9406	0.208
37.9606	0.207
37.9806	0.206
38.0006	0.206
38.0206	0.205
38.0406	0.205
38.0606	0.205
38.0806	0.206
38.1006	0.206
38.1206	0.207
38.1406	0.208
38.1606	0.209
38.1806	0.210
38.2006	0.212
38.2206	0.213
38.2406	0.215
38.2606	0.217
38.2806	0.219
38.3006	0.220
38.3206	0.223
38.3407	0.227
38.3607	0.228
38.3807	0.228
38.4007	0.232
38.4207	0.231
38.4407	0.235
38.4607	0.236
38.4807	0.238
38.5007	0.239
38.5207	0.239
38.5407	0.239
38.5607	0.239
38.5807	0.240
38.6007	0.239
38.6207	0.239
38.6407	0.238
38.6607	0.237
38.6807	0.236
38.7007	0.235
38.7207	0.233
38.7407	0.232
38.7607	0.229
38.7807	0.228
38.8007	0.225
38.8206	0.222
38.8406	0.219
38.8606	0.218
38.8806	0.216
38.9006	0.214
38.9206	0.214
38.9406	0.210
38.9606	0.209
38.9806	0.208
39.0006	0.206
39.0206	0.205
39.0406	0.205
39.0606	0.204
39.0806	0.204
39.1006	0.205
39.1206	0.205
39.1406	0.205
39.1606	0.206
39.1806	0.207
39.2006	0.209
39.2206	0.210
39.2406	0.212
39.2606	0.214
39.2806	0.216
39.3006	0.217
39.3206	0.219
39.3406	0.223
39.3607	0.224
39.3807	0.228
39.4007	0.228
39.4207	0.231
39.4407	0.232
39.4607	0.235
39.4807	0.236
39.5007	0.237
39.5207	0.238
39.5407	0.238
39.5607	0.239
39.5807	0.239
39.6007	0.239
39.6207	0.239
39.6407	0.239
39.6607	0.239
39.6807	0.238
39.7007	0.236
39.7207	0.235
39.7407	0.232
39.7607	0.232
39.7807	0.230
39.8007	0.229
39.8207	0.225
39.8406	0.223
39.8606	0.222
39.8806	0.221
39.9006	0.217
39.9206	0.216
39.9406	0.213
39.9606	0.212
39.9806	0.211
40.0006	0.209
40.0206	0.208
40.0406	0.207
40.0606	0.206
40.0806	0.206
40.1006	0.206
40.1206	0.206
40.1406	0.206
40.1606	0.206
40.1806	0.207
40.2006	0.207
40.2206	0.208
40.2406	0.209
40.2606	0.211
40.2806	0.212
40.3006	0.214
40.3206	0.216
40.3406	0.217
40.3606	0.219
40.3806	0.221
40.4007	0.224
40.4207	0.224
40.4407	0.228
40.4607	0.228
40.4807	0.231
40.5007	0.233
40.5207	0.235
40.5407	0.235
40.5607	0.234
40.5807	0.238
40.6007	0.238
40.6207	0.239
40.6407	0.239
40.6607	0.239
40.6807	0.238
40.7007	0.238
40.7207	0.237
40.7407	0.236
40.7607	0.235
40.7807	0.235
40.8007	0.233
40.8207	0.231
40.8407	0.229
40.8607	0.226
40.8807	0.226
40.9007	0.224
40.9206	0.221
40.9406	0.219
40.9606	0.216
40.9806	0.217
41.0006	0.213
41.0206	0.211
41.0406	0.210
41.0606	0.208
41.0806	0.207
41.1006	0.206
41.1206	0.206
41.1406	0.205
41.1606	0.205
41.1806	0.205
41.2006	0.205
41.2206	0.206
41.2406	0.206
41.2606	0.207
41.2806	0.208
41.3006	0.210
41.3206	0.211
41.3406	0.213
41.3606	0.215
41.3806	0.217
41.4006	0.221
41.4206	0.223
41.4407	0.225
41.4607	0.225
41.4807	0.229
41.5007	0.231
41.5207	0.230
41.5407	0.234
41.5607	0.235
41.5807	0.236
41.6007	0.238
41.6207	0.238
41.6407	0.239
41.6607	0.240
41.6807	0.239
41.7007	0.239
41.7207	0.239
41.7407	0.239
41.7607	0.238
41.7807	0.237
41.8007	0.236
41.8207	0.234
41.8407	0.232
41.8607	0.230
41.8807	0.227
41.9007	0.225
41.9207	0.225
41.9406	0.221
41.9606	0.222
41.9806	0.217
42.0006	0.215
42.0206	0.213
42.0406	0.212
42.0606	0.211
42.0806	0.209
42.1006	0.208
42.1206	0.207
42.1406	0.206
42.1606	0.206
42.1806	0.206
42.2006	0.205
42.2206	0.206
42.2406	0.206
42.2606	0.207
42.2806	0.207
42.3006	0.209
42.3206	0.210
42.3406	0.211
42.3606	0.212
42.3806	0.214
42.4006	0.217
42.4206	0.220
42.4406	0.220
42.4606	0.221
42.4807	0.226
42.5007	0.227
42.5207	0.229
42.5407	0.230
42.5607	0.230
42.5807	0.234
42.6007	0.235
42.6207	0.236
42.6407	0.236
42.6607	0.238
42.6807	0.238
42.7007	0.239
42.7207	0.238
42.7407	0.238
42.7607	0.238
42.7807	0.237
42.8007	0.235
42.8207	0.235
42.8407	0.235
42.8607	0.233
42.8807	0.231
42.9007	0.229
42.9207	0.227
42.9407	0.227
42.9607	0.225
42.9807	0.224
43.0006	0.220
43.0206	0.218
43.0406	0.216
43.0606	0.215
43.0806	0.213
43.1006	0.212
43.1206	0.211
