tempo,intensidade
0.0000,0.0410
0.2000,0.0404
0.4000,0.0395
0.6000,0.0403
0.8000,0.0414
1.0000,0.0396
1.2000,0.0402
1.4000,0.0408
1.6000,0.0405
1.8000,0.0395
2.0000,0.0404
2.2000,0.0409
2.4000,0.0395
2.6000,0.0393
2.8000,0.0407
3.0000,0.0406
3.2000,0.0390
3.4000,0.0398
3.6000,0.0405
3.8000,0.0398
4.0000,0.0393
4.2000,0.0403
4.4000,0.0397
4.6000,0.0392
4.8000,0.0391
5.0000,0.0402
5.2000,0.0392
5.4000,0.0387
5.6000,0.0392
5.8000,0.0400
6.0000,0.0385
6.2000,0.0388
6.4000,0.0398
6.6000,0.0398
6.8000,0.0384
7.0000,0.0394
7.2000,0.0401
7.4000,0.0390
7.6000,0.0385
7.8000,0.0399
8.0000,0.0401
8.2000,0.0389
8.4000,0.0390
8.6000,0.0401
8.8000,0.0403
9.0000,0.0387
9.2000,0.0393
9.4000,0.0404
9.6000,0.0396
9.8000,0.0384
10.0000,0.0400
10.2000,0.0397
10.4000,0.0394
10.6000,0.0389
10.8000,0.0405
11.0000,0.0398
11.2000,0.0390
11.4000,0.0399
11.6000,0.0410
11.8000,0.0395
12.0000,0.0392
12.2000,0.0408
12.4000,0.0408
12.6000,0.0398
12.8000,0.0402
13.0000,0.0417
13.2000,0.0404
13.4000,0.0412
13.6000,0.0417
13.8000,0.0411
14.0000,0.0410
14.2000,0.0427
14.4000,0.0424
14.6000,0.0411
14.8000,0.0429
15.0000,0.0418
15.2000,0.0417
15.4000,0.0430
15.6000,0.0426
15.8000,0.0421
16.0000,0.0441
16.2000,0.0434
16.4000,0.0426
16.6000,0.0447
16.8000,0.0429
17.0000,0.0430
17.2000,0.0452
17.4000,0.0433
17.6000,0.0446
17.8000,0.0456
18.0000,0.0436
18.2000,0.0452
18.4000,0.0447
18.6000,0.0443
18.8000,0.0464
19.0000,0.0448
19.2000,0.0457
19.4000,0.0460
19.6000,0.0450
19.8000,0.0464
20.0000,0.0460
20.2000,0.0460
20.4000,0.0472
20.6000,0.0457
20.8000,0.0471
21.0000,0.0466
21.2000,0.0460
21.4000,0.0478
21.6000,0.0461
21.8000,0.0473
22.0000,0.0471
22.2000,0.0462
22.4000,0.0481
22.6000,0.0463
22.8000,0.0476
23.0000,0.0485
23.2000,0.0463
23.4000,0.0484
23.6000,0.0466
23.8000,0.0467
24.0000,0.0486
24.2000,0.0463
24.4000,0.0482
24.6000,0.0464
24.8000,0.0464
25.0000,0.0482
25.2000,0.0462
25.4000,0.0479
25.6000,0.0475
25.8000,0.0458
26.0000,0.0476
26.2000,0.0455
26.4000,0.0457
26.6000,0.0472
26.8000,0.0452
27.0000,0.0468
27.2000,0.0447
27.4000,0.0447
27.6000,0.0465
27.8000,0.0441
28.0000,0.0458
28.2000,0.0458
28.4000,0.0436
28.6000,0.0455
28.8000,0.0433
29.0000,0.0428
29.2000,0.0446
29.4000,0.0429
29.6000,0.0434
29.8000,0.0434
30.0000,0.0421
30.2000,0.0426
30.4000,0.0428
30.6000,0.0412
30.8000,0.0416
31.0000,0.0425
31.2000,0.0407
31.4000,0.0414
31.6000,0.0421
31.8000,0.0405
32.0000,0.0403
32.2000,0.0416
32.4000,0.0408
32.6000,0.0394
32.8000,0.0405
33.0000,0.0403
33.2000,0.0390
33.4000,0.0391
33.6000,0.0404
33.8000,0.0390
34.0000,0.0387
34.2000,0.0394
34.4000,0.0399
34.6000,0.0385
34.8000,0.0383
35.0000,0.0398
35.2000,0.0397
35.4000,0.0389
35.6000,0.0390
35.8000,0.0406
36.0000,0.0393
36.2000,0.0398
36.4000,0.0405
36.6000,0.0407
36.8000,0.0397
37.0000,0.0412
37.2000,0.0419
37.4000,0.0406
37.6000,0.0417
37.8000,0.0427
38.0000,0.0415
38.2000,0.0422
38.4000,0.0441
38.6000,0.0427
38.8000,0.0448
39.0000,0.0453
39.2000,0.0441
39.4000,0.0467
39.6000,0.0450
39.8000,0.0456
40.0000,0.0482
40.2000,0.0468
40.4000,0.0495
40.6000,0.0496
40.8000,0.0488
41.0000,0.0515
41.2000,0.0502
41.4000,0.0533
41.6000,0.0531
41.8000,0.0529
42.0000,0.0550
42.2000,0.0544
42.4000,0.0566
42.6000,0.0557
42.8000,0.0585
43.0000,0.0571
43.2000,0.0603
43.4000,0.0598
43.6000,0.0605
43.8000,0.0610
44.0000,0.0633
44.2000,0.0638
44.4000,0.0632
44.6000,0.0654
44.8000,0.0658
45.0000,0.0659
45.2000,0.0661
45.4000,0.0685
45.6000,0.0691
45.8000,0.0692
46.0000,0.0718
46.2000,0.0718
46.4000,0.0724
46.6000,0.0721
46.8000,0.0747
47.0000,0.0739
47.2000,0.0750
47.4000,0.0741
47.6000,0.0775
47.8000,0.0758
48.0000,0.0782
48.2000,0.0762
48.4000,0.0785
48.6000,0.0786
48.8000,0.0773
49.0000,0.0785
49.2000,0.0783
49.4000,0.0807
49.6000,0.0786
49.8000,0.0799
50.0000,0.0788
50.2000,0.0806
50.4000,0.0813
50.6000,0.0790
50.8000,0.0805
51.0000,0.0784
51.2000,0.0805
51.4000,0.0794
51.6000,0.0780
51.8000,0.0800
52.0000,0.0779
52.2000,0.0792
52.4000,0.0766
52.6000,0.0777
52.8000,0.0770
53.0000,0.0775
53.2000,0.0753
53.4000,0.0744
53.6000,0.0753
53.8000,0.0744
54.0000,0.0728
54.2000,0.0710
54.4000,0.0721
54.6000,0.0686
54.8000,0.0694
55.0000,0.0674
55.2000,0.0686
55.4000,0.0652
55.6000,0.0666
55.8000,0.0641
56.0000,0.0644
56.2000,0.0615
56.4000,0.0627
56.6000,0.0609
56.8000,0.0587
57.0000,0.0579
57.2000,0.0570
57.4000,0.0551
57.6000,0.0538
57.8000,0.0549
58.0000,0.0517
58.2000,0.0528
58.4000,0.0517
58.6000,0.0494
58.8000,0.0500
59.0000,0.0472
59.2000,0.0482
59.4000,0.0469
59.6000,0.0452
59.8000,0.0459
60.0000,0.0438
60.2000,0.0438
60.4000,0.0448
60.6000,0.0423
60.8000,0.0435
61.0000,0.0440
61.2000,0.0419
61.4000,0.0431
61.6000,0.0435
61.8000,0.0424
62.0000,0.0435
62.2000,0.0446
62.4000,0.0440
62.6000,0.0466
62.8000,0.0465
63.0000,0.0462
63.2000,0.0492
63.4000,0.0489
63.6000,0.0505
63.8000,0.0530
64.0000,0.0538
64.2000,0.0573
64.4000,0.0572
64.6000,0.0611
64.8000,0.0617
65.0000,0.0672
65.2000,0.0676
65.4000,0.0715
65.6000,0.0725
65.8000,0.0795
66.0000,0.0809
66.2000,0.0849
66.4000,0.0885
66.6000,0.0922
66.8000,0.0983
67.0000,0.1034
67.2000,0.1076
67.4000,0.1125
67.6000,0.1165
67.8000,0.1227
68.0000,0.1314
68.2000,0.1390
68.4000,0.1401
68.6000,0.1487
68.8000,0.1569
69.0000,0.1639
69.2000,0.1697
69.4000,0.1774
69.6000,0.1849
69.8000,0.1920
70.0000,0.2009
70.2000,0.2104
70.4000,0.2198
70.6000,0.2297
70.8000,0.2383
71.0000,0.2492
71.2000,0.2578
71.4000,0.2690
71.6000,0.2809
71.8000,0.2903
72.0000,0.3018
72.2000,0.3040
72.4000,0.3167
72.6000,0.3281
72.8000,0.3420
73.0000,0.3551
73.2000,0.3675
73.4000,0.3809
73.6000,0.3836
73.8000,0.3994
74.0000,0.4129
74.2000,0.4278
74.4000,0.4423
74.6000,0.4569
74.8000,0.4699
75.0000,0.4785
75.2000,0.4919
75.4000,0.5051
75.6000,0.5164
75.8000,0.5305
76.0000,0.5480
76.2000,0.5636
76.4000,0.5779
76.6000,0.5838
76.8000,0.6020
77.0000,0.6173
77.2000,0.6294
77.4000,0.6420
77.6000,0.6581
77.8000,0.6734
78.0000,0.6848
78.2000,0.6945
78.4000,0.7075
78.6000,0.7227
78.8000,0.7385
79.0000,0.7574
79.2000,0.7687
79.4000,0.7783
79.6000,0.7974
79.8000,0.8139
80.0000,0.8262
80.2000,0.8394
80.4000,0.8493
80.6000,0.8643
80.8000,0.8790
81.0000,0.8912
81.2000,0.9037
81.4000,0.9158
81.6000,0.9276
81.8000,0.9357
82.0000,0.9509
82.2000,0.9641
82.4000,0.9754
82.6000,0.9832
82.8000,0.9959
83.0000,1.0069
83.2000,1.0178
83.4000,1.0322
83.6000,1.0420
83.8000,1.0480
84.0000,1.0557
84.2000,1.0677
84.4000,1.0725
84.6000,1.0838
84.8000,1.0915
85.0000,1.0975
85.2000,1.1065
85.4000,1.1123
85.6000,1.1196
85.8000,1.1277
86.0000,1.1312
86.2000,1.1368
86.4000,1.1419
86.6000,1.1490
86.8000,1.1519
87.0000,1.1594
87.2000,1.1622
87.4000,1.1649
87.6000,1.1688
87.8000,1.1688
88.0000,1.1717
88.2000,1.1727
88.4000,1.1771
88.6000,1.1752
88.8000,1.1774
89.0000,1.1767
89.2000,1.1750
89.4000,1.1775
89.6000,1.1737
89.8000,1.1741
90.0000,1.1706
90.2000,1.1711
90.4000,1.1661
90.6000,1.1633
90.8000,1.1591
91.0000,1.1553
91.2000,1.1523
91.4000,1.1478
91.6000,1.1427
91.8000,1.1369
92.0000,1.1283
92.2000,1.1263
92.4000,1.1195
92.6000,1.1137
92.8000,1.1043
93.0000,1.0985
93.2000,1.0885
93.4000,1.0787
93.6000,1.0715
93.8000,1.0581
94.0000,1.0522
94.2000,1.0408
94.4000,1.0369
94.6000,1.0244
94.8000,1.0115
95.0000,1.0024
95.2000,0.9894
95.4000,0.9768
95.6000,0.9642
95.8000,0.9503
96.0000,0.9389
96.2000,0.9268
96.4000,0.9206
96.6000,0.9061
96.8000,0.8935
97.0000,0.8800
97.2000,0.8645
97.4000,0.8467
97.6000,0.8351
97.8000,0.8188
98.0000,0.8031
98.2000,0.7989
98.4000,0.7835
98.6000,0.7690
98.8000,0.7564
99.0000,0.7341
99.2000,0.7206
99.4000,0.7051
99.6000,0.6949
99.8000,0.6757
100.0000,0.6663
100.2000,0.6550
100.4000,0.6363
100.6000,0.6200
100.8000,0.6047
101.0000,0.5947
101.2000,0.5780
101.4000,0.5621
101.6000,0.5597
101.8000,0.5441
102.0000,0.5261
102.2000,0.5064
102.4000,0.4939
102.6000,0.4832
102.8000,0.4676
103.0000,0.4539
103.2000,0.4430
103.4000,0.4298
103.6000,0.4177
103.8000,0.4014
104.0000,0.3880
104.2000,0.3737
104.4000,0.3622
104.6000,0.3552
104.8000,0.3438
105.0000,0.3309
105.2000,0.3197
105.4000,0.3081
105.6000,0.2936
105.8000,0.2816
106.0000,0.2737
106.2000,0.2619
106.4000,0.2522
106.6000,0.2413
106.8000,0.2314
107.0000,0.2218
107.2000,0.2191
107.4000,0.2073
107.6000,0.1972
107.8000,0.1874
108.0000,0.1788
108.2000,0.1716
108.4000,0.1686
108.6000,0.1575
108.8000,0.1501
109.0000,0.1427
109.2000,0.1391
109.4000,0.1306
109.6000,0.1253
109.8000,0.1223
110.0000,0.1142
110.2000,0.1058
110.4000,0.1019
110.6000,0.0966
110.8000,0.0926
111.0000,0.0900
111.2000,0.0842
111.4000,0.0805
111.6000,0.0769
111.8000,0.0743
112.0000,0.0704
112.2000,0.0658
112.4000,0.0639
112.6000,0.0623
112.8000,0.0579
113.0000,0.0559
113.2000,0.0525
113.4000,0.0528
113.6000,0.0492
113.8000,0.0484
114.0000,0.0463
114.2000,0.0447
114.4000,0.0451
114.6000,0.0431
114.8000,0.0420
115.0000,0.0425
115.2000,0.0411
115.4000,0.0400
115.6000,0.0410
115.8000,0.0400
116.0000,0.0394
116.2000,0.0396
116.4000,0.0409
116.6000,0.0396
116.8000,0.0395
117.0000,0.0410
117.2000,0.0414
117.4000,0.0409
117.6000,0.0417
117.8000,0.0434
118.0000,0.0423
118.2000,0.0450
118.4000,0.0457
118.6000,0.0448
118.8000,0.0479
119.0000,0.0469
119.2000,0.0491
119.4000,0.0502
119.6000,0.0496
119.8000,0.0525
120.0000,0.0516
120.2000,0.0522
120.4000,0.0546
120.6000,0.0544
120.8000,0.0565
121.0000,0.0553
121.2000,0.0586
121.4000,0.0576
121.6000,0.0614
121.8000,0.0603
122.0000,0.0626
122.2000,0.0622
122.4000,0.0653
122.6000,0.0639
122.8000,0.0672
123.0000,0.0661
123.2000,0.0684
123.4000,0.0672
123.6000,0.0707
123.8000,0.0694
124.0000,0.0709
124.2000,0.0693
124.4000,0.0728
124.6000,0.0720
124.8000,0.0756
125.0000,0.0716
125.2000,0.0746
125.4000,0.0727
125.6000,0.0736
125.8000,0.0726
126.0000,0.0753
126.2000,0.0743
126.4000,0.0739
126.6000,0.0735
126.8000,0.0750
127.0000,0.0749
127.2000,0.0729
127.4000,0.0755
127.6000,0.0742
127.8000,0.0753
128.0000,0.0730
128.2000,0.0751
128.4000,0.0730
128.6000,0.0749
128.8000,0.0722
129.0000,0.0743
129.2000,0.0726
129.4000,0.0724
129.6000,0.0713
129.8000,0.0721
130.0000,0.0711
130.2000,0.0701
130.4000,0.0687
130.6000,0.0693
130.8000,0.0688
131.0000,0.0674
131.2000,0.0685
131.4000,0.0687
131.6000,0.0665
131.8000,0.0667
132.0000,0.0659
132.2000,0.0641
132.4000,0.0637
132.6000,0.0643
132.8000,0.0626
133.0000,0.0620
133.2000,0.0597
133.4000,0.0619
133.6000,0.0589
133.8000,0.0600
134.0000,0.0574
134.2000,0.0587
134.4000,0.0560
134.6000,0.0572
134.8000,0.0547
135.0000,0.0544
135.2000,0.0552
135.4000,0.0532
135.6000,0.0540
135.8000,0.0512
136.0000,0.0520
136.2000,0.0511
136.4000,0.0502
136.6000,0.0500
136.8000,0.0486
137.0000,0.0495
137.2000,0.0477
137.4000,0.0475
137.6000,0.0473
137.8000,0.0442
138.0000,0.0465
138.2000,0.0458
138.4000,0.0448
138.6000,0.0455
138.8000,0.0442
139.0000,0.0434
139.2000,0.0445
139.4000,0.0431
139.6000,0.0428
139.8000,0.0434
140.0000,0.0415
140.2000,0.0419
140.4000,0.0430
140.6000,0.0408
140.8000,0.0411
141.0000,0.0418
141.2000,0.0408
141.4000,0.0400
141.6000,0.0412
141.8000,0.0399
142.0000,0.0394
142.2000,0.0402
142.4000,0.0408
142.6000,0.0392
142.8000,0.0390
143.0000,0.0401
143.2000,0.0398
143.4000,0.0388
143.6000,0.0391
143.8000,0.0403
144.0000,0.0390
144.2000,0.0388
144.4000,0.0394
144.6000,0.0400
144.8000,0.0388
145.0000,0.0396
145.2000,0.0401
145.4000,0.0399
145.6000,0.0389
145.8000,0.0402
146.0000,0.0408
146.2000,0.0396
146.4000,0.0392
146.6000,0.0408
146.8000,0.0406
147.0000,0.0393
147.2000,0.0407
147.4000,0.0408
147.6000,0.0401
147.8000,0.0405
148.0000,0.0416
148.2000,0.0402
148.4000,0.0401
148.6000,0.0417
148.8000,0.0411
149.0000,0.0406
149.2000,0.0419
149.4000,0.0427
149.6000,0.0415
149.8000,0.0427
150.0000,0.0413
150.2000,0.0412
150.4000,0.0423
150.6000,0.0422
150.8000,0.0414
151.0000,0.0426
151.2000,0.0428
151.4000,0.0415
151.6000,0.0433
151.8000,0.0429
152.0000,0.0415
152.2000,0.0437
152.4000,0.0422
152.6000,0.0421
152.8000,0.0437
153.0000,0.0424
153.2000,0.0428
153.4000,0.0438
153.6000,0.0424
153.8000,0.0424
154.0000,0.0440
154.2000,0.0421
154.4000,0.0425
154.6000,0.0441
154.8000,0.0423
155.0000,0.0436
155.2000,0.0442
155.4000,0.0421
155.6000,0.0433
155.8000,0.0432
156.0000,0.0421
156.2000,0.0432
156.4000,0.0431
156.6000,0.0419
156.8000,0.0426
157.0000,0.0429
157.2000,0.0414
157.4000,0.0430
157.6000,0.0431
157.8000,0.0413
158.0000,0.0425
158.2000,0.0419
158.4000,0.0413
158.6000,0.0419
158.8000,0.0423
159.0000,0.0407
159.2000,0.0425
159.4000,0.0427
159.6000,0.0410
159.8000,0.0420
160.0000,0.0420
160.2000,0.0410
160.4000,0.0413
160.6000,0.0423
160.8000,0.0402
161.0000,0.0408
161.2000,0.0422
161.4000,0.0405
161.6000,0.0410
161.8000,0.0416
162.0000,0.0410
162.2000,0.0402
162.4000,0.0414
162.6000,0.0414
162.8000,0.0398
163.0000,0.0406
163.2000,0.0413
163.4000,0.0403
163.6000,0.0396
163.8000,0.0411
164.0000,0.0397
164.2000,0.0395
164.4000,0.0401
164.6000,0.0408
164.8000,0.0392
165.0000,0.0399
165.2000,0.0406
165.4000,0.0397
165.6000,0.0391
165.8000,0.0402
166.0000,0.0407
166.2000,0.0391
166.4000,0.0393
166.6000,0.0403
166.8000,0.0400
167.0000,0.0387
167.2000,0.0395
167.4000,0.0403
167.6000,0.0393
167.8000,0.0385
168.0000,0.0399
168.2000,0.0396
168.4000,0.0389
168.6000,0.0389
168.8000,0.0400
169.0000,0.0390
169.2000,0.0387
169.4000,0.0390
169.6000,0.0403
169.8000,0.0389
170.0000,0.0384
170.2000,0.0392
170.4000,0.0401
170.6000,0.0385
170.8000,0.0385
171.0000,0.0396
171.2000,0.0396
171.4000,0.0383
171.6000,0.0386
171.8000,0.0401
172.0000,0.0392
172.2000,0.0385
172.4000,0.0390
172.6000,0.0403
172.8000,0.0389
173.0000,0.0387
173.2000,0.0394
173.4000,0.0399
173.6000,0.0387
173.8000,0.0390
174.0000,0.0397
174.2000,0.0396
174.4000,0.0385
174.6000,0.0395
174.8000,0.0401
175.0000,0.0392
175.2000,0.0385
175.4000,0.0397
175.6000,0.0401
175.8000,0.0390
176.0000,0.0388
176.2000,0.0401
176.4000,0.0401
176.6000,0.0389
176.8000,0.0391
177.0000,0.0403
177.2000,0.0400
177.4000,0.0386
177.6000,0.0398
177.8000,0.0400
178.0000,0.0394
178.2000,0.0388
178.4000,0.0399
178.6000,0.0397
178.8000,0.0387
179.0000,0.0391
179.2000,0.0402
179.4000,0.0390
179.6000,0.0389
179.8000,0.0396
180.0000,0.0405
180.2000,0.0388
180.4000,0.0392
180.6000,0.0401
180.8000,0.0400
181.0000,0.0389
181.2000,0.0399
181.4000,0.0405
181.6000,0.0394
181.8000,0.0388
182.0000,0.0401
182.2000,0.0404
182.4000,0.0390
