tempo,intensidade
0.4000,0.0385
0.4500,0.0359
0.5000,0.0405
0.5500,0.0410
0.6000,0.0422
0.6500,0.0392
0.7000,0.0371
0.7500,0.0431
0.8000,0.0385
0.8500,0.0428
0.9000,0.0364
0.9500,0.0414
1.0000,0.0362
1.0500,0.0424
1.1000,0.0387
1.1500,0.0381
1.2000,0.0370
1.2500,0.0398
1.3000,0.0423
1.3500,0.0416
1.4000,0.0408
1.4500,0.0374
1.5000,0.0435
1.5500,0.0385
1.6000,0.0432
1.6500,0.0371
1.7000,0.0406
1.7500,0.0365
1.8000,0.0423
1.8500,0.0406
1.9000,0.0435
1.9500,0.0387
2.0000,0.0388
2.0500,0.0433
2.1000,0.0404
2.1500,0.0425
2.2000,0.0365
2.2500,0.0425
2.3000,0.0372
2.3500,0.0439
2.4000,0.0378
2.4500,0.0432
2.5000,0.0366
2.5500,0.0405
2.6000,0.0418
2.6500,0.0422
2.7000,0.0400
2.7500,0.0372
2.8000,0.0429
2.8500,0.0384
2.9000,0.0433
2.9500,0.0366
3.0000,0.0410
3.0500,0.0363
3.1000,0.0427
3.1500,0.0390
3.2000,0.0429
3.2500,0.0376
3.3000,0.0387
3.3500,0.0425
3.4000,0.0404
3.4500,0.0417
3.5000,0.0366
3.5500,0.0423
3.6000,0.0370
3.6500,0.0434
3.7000,0.0368
3.7500,0.0426
3.8000,0.0360
3.8500,0.0410
3.9000,0.0409
3.9500,0.0422
4.0000,0.0387
4.0500,0.0375
4.1000,0.0430
4.1500,0.0391
4.2000,0.0423
4.2500,0.0357
4.3000,0.0414
4.3500,0.0363
4.4000,0.0427
4.4500,0.0378
4.5000,0.0426
4.5500,0.0369
4.6000,0.0395
4.6500,0.0416
4.7000,0.0412
4.7500,0.0399
4.8000,0.0366
4.8500,0.0426
4.9000,0.0378
4.9500,0.0422
5.0000,0.0360
5.0500,0.0405
5.1000,0.0354
5.1500,0.0420
5.2000,0.0381
5.2500,0.0427
5.3000,0.0366
5.3500,0.0391
5.4000,0.0416
5.4500,0.0408
5.5000,0.0403
5.5500,0.0360
5.6000,0.0426
5.6500,0.0372
5.7000,0.0426
5.7500,0.0360
5.8000,0.0411
5.8500,0.0354
5.9000,0.0415
5.9500,0.0385
6.0000,0.0430
6.0500,0.0369
6.1000,0.0385
6.1500,0.0421
6.2000,0.0402
6.2500,0.0412
6.3000,0.0357
6.3500,0.0422
6.4000,0.0369
6.4500,0.0426
6.5000,0.0370
6.5500,0.0428
6.6000,0.0360
6.6500,0.0408
6.7000,0.0410
6.7500,0.0422
6.8000,0.0389
6.8500,0.0378
6.9000,0.0429
6.9500,0.0392
7.0000,0.0430
7.0500,0.0365
7.1000,0.0416
7.1500,0.0368
7.2000,0.0436
7.2500,0.0386
7.3000,0.0437
7.3500,0.0373
7.4000,0.0403
7.4500,0.0425
7.5000,0.0414
7.5500,0.0412
7.6000,0.0372
7.6500,0.0434
7.7000,0.0385
7.7500,0.0437
7.8000,0.0369
7.8500,0.0428
7.9000,0.0367
7.9500,0.0421
8.0000,0.0400
8.0500,0.0437
8.1000,0.0386
8.1500,0.0388
8.2000,0.0433
8.2500,0.0406
8.3000,0.0421
8.3500,0.0365
8.4000,0.0400
8.4500,0.0375
8.5000,0.0430
8.5500,0.0376
8.6000,0.0428
8.6500,0.0363
8.7000,0.0411
8.7500,0.0406
8.8000,0.0421
8.8500,0.0386
8.9000,0.0371
8.9500,0.0426
9.0000,0.0387
9.0500,0.0424
9.1000,0.0358
9.1500,0.0406
9.2000,0.0360
9.2500,0.0426
9.3000,0.0381
9.3500,0.0432
9.4000,0.0373
9.4500,0.0404
9.5000,0.0426
9.5500,0.0415
9.6000,0.0413
9.6500,0.0370
9.7000,0.0394
9.7500,0.0381
9.8000,0.0440
9.8500,0.0375
9.9000,0.0438
9.9500,0.0374
10.0000,0.0425
10.0500,0.0417
10.1000,0.0443
10.1500,0.0407
10.2000,0.0397
10.2500,0.0454
10.3000,0.0415
10.3500,0.0452
10.4000,0.0389
10.4500,0.0447
10.5000,0.0395
10.5500,0.0459
10.6000,0.0430
10.6500,0.0469
10.7000,0.0421
10.7500,0.0425
10.8000,0.0475
10.8500,0.0445
10.9000,0.0469
10.9500,0.0411
11.0000,0.0463
11.0500,0.0426
11.1000,0.0489
11.1500,0.0443
11.2000,0.0497
11.2500,0.0432
11.3000,0.0459
11.3500,0.0486
11.4000,0.0474
11.4500,0.0479
11.5000,0.0430
11.5500,0.0460
11.6000,0.0436
11.6500,0.0500
11.7000,0.0436
11.7500,0.0493
11.8000,0.0423
11.8500,0.0473
11.9000,0.0476
11.9500,0.0482
12.0000,0.0455
12.0500,0.0428
12.1000,0.0437
12.1500,0.0435
12.2000,0.0483
12.2500,0.0417
12.3000,0.0471
12.3500,0.0410
12.4000,0.0465
12.4500,0.0443
12.5000,0.0466
12.5500,0.0422
12.6000,0.0417
12.6500,0.0400
12.7000,0.0429
12.7500,0.0450
12.8000,0.0388
12.8500,0.0431
12.9000,0.0385
12.9500,0.0449
13.0000,0.0399
13.0500,0.0449
13.1000,0.0380
13.1500,0.0410
13.2000,0.0432
13.2500,0.0417
13.3000,0.0411
13.3500,0.0368
13.4000,0.0391
13.4500,0.0379
13.5000,0.0434
13.5500,0.0367
13.6000,0.0422
13.6500,0.0364
13.7000,0.0423
13.7500,0.0399
13.8000,0.0438
13.8500,0.0392
13.9000,0.0396
13.9500,0.0376
14.0000,0.0416
14.0500,0.0439
14.1000,0.0383
14.1500,0.0428
14.2000,0.0396
14.2500,0.0463
14.3000,0.0407
14.3500,0.0467
14.4000,0.0400
14.4500,0.0448
14.5000,0.0471
14.5500,0.0472
14.6000,0.0459
14.6500,0.0430
14.7000,0.0457
14.7500,0.0450
14.8000,0.0514
14.8500,0.0452
14.9000,0.0514
14.9500,0.0455
15.0000,0.0517
15.0500,0.0505
15.1000,0.0538
15.1500,0.0496
15.2000,0.0502
15.2500,0.0487
15.3000,0.0528
15.3500,0.0547
15.4000,0.0494
15.4500,0.0537
15.5000,0.0509
15.5500,0.0569
15.6000,0.0517
15.6500,0.0573
15.7000,0.0508
15.7500,0.0559
15.8000,0.0556
15.8500,0.0576
15.9000,0.0533
15.9500,0.0530
16.0000,0.0515
16.0500,0.0550
16.1000,0.0562
16.1500,0.0507
16.2000,0.0537
16.2500,0.0514
16.3000,0.0570
16.3500,0.0507
16.4000,0.0559
16.4500,0.0490
16.5000,0.0542
16.5500,0.0528
16.6000,0.0536
16.6500,0.0503
16.7000,0.0486
16.7500,0.0472
16.8000,0.0495
16.8500,0.0517
16.9000,0.0454
16.9500,0.0494
17.0000,0.0443
17.0500,0.0499
17.1000,0.0459
17.1500,0.0497
17.2000,0.0436
17.2500,0.0449
17.3000,0.0411
17.3500,0.0450
17.4000,0.0460
17.4500,0.0401
17.5000,0.0433
17.5500,0.0401
17.6000,0.0463
17.6500,0.0401
17.7000,0.0452
17.7500,0.0384
17.8000,0.0417
17.8500,0.0372
17.9000,0.0428
17.9500,0.0412
18.0000,0.0381
18.0500,0.0393
18.1000,0.0391
18.1500,0.0438
18.2000,0.0375
18.2500,0.0436
18.3000,0.0376
18.3500,0.0434
18.4000,0.0387
18.4500,0.0451
18.5000,0.0407
18.5500,0.0411
18.6000,0.0403
18.6500,0.0437
18.7000,0.0464
18.7500,0.0406
18.8000,0.0467
18.8500,0.0426
18.9000,0.0493
18.9500,0.0453
19.0000,0.0510
19.0500,0.0451
19.1000,0.0480
19.1500,0.0454
19.2000,0.0520
19.2500,0.0523
19.3000,0.0477
19.3500,0.0519
19.4000,0.0511
19.4500,0.0569
19.5000,0.0508
19.5500,0.0577
19.6000,0.0518
19.6500,0.0584
19.7000,0.0543
19.7500,0.0610
19.8000,0.0547
19.8500,0.0586
19.9000,0.0552
19.9500,0.0618
20.0000,0.0593
20.0500,0.0570
20.1000,0.0575
20.1500,0.0598
20.2000,0.0628
20.2500,0.0566
20.3000,0.0602
20.3500,0.0575
20.4000,0.0641
20.4500,0.0573
20.5000,0.0623
20.5500,0.0564
20.6000,0.0621
20.6500,0.0566
20.7000,0.0627
20.7500,0.0563
20.8000,0.0589
20.8500,0.0540
20.9000,0.0600
20.9500,0.0574
21.0000,0.0543
21.0500,0.0542
21.1000,0.0550
21.1500,0.0581
21.2000,0.0510
21.2500,0.0549
21.3000,0.0499
21.3500,0.0561
21.4000,0.0493
21.4500,0.0543
21.5000,0.0474
21.5500,0.0507
21.6000,0.0455
21.6500,0.0504
21.7000,0.0484
21.7500,0.0447
21.8000,0.0447
21.8500,0.0441
21.9000,0.0492
21.9500,0.0417
22.0000,0.0466
22.0500,0.0404
22.1000,0.0456
22.1500,0.0395
22.2000,0.0458
22.2500,0.0408
22.3000,0.0403
22.3500,0.0388
22.4000,0.0414
22.4500,0.0436
22.5000,0.0374
22.5500,0.0419
22.6000,0.0375
22.6500,0.0440
22.7000,0.0389
22.7500,0.0439
22.8000,0.0377
22.8500,0.0406
22.9000,0.0377
22.9500,0.0425
23.0000,0.0424
23.0500,0.0387
23.1000,0.0411
23.1500,0.0400
23.2000,0.0463
23.2500,0.0423
23.3000,0.0464
23.3500,0.0404
23.4000,0.0454
23.4500,0.0414
23.5000,0.0473
23.5500,0.0462
23.6000,0.0440
23.6500,0.0451
23.7000,0.0463
23.7500,0.0512
23.8000,0.0445
23.8500,0.0513
23.9000,0.0457
23.9500,0.0523
24.0000,0.0475
24.0500,0.0542
24.1000,0.0494
24.1500,0.0514
24.2000,0.0494
24.2500,0.0546
24.3000,0.0550
24.3500,0.0508
24.4000,0.0538
24.4500,0.0532
24.5000,0.0584
24.5500,0.0560
24.6000,0.0585
24.6500,0.0522
24.7000,0.0587
24.7500,0.0535
24.8000,0.0599
24.8500,0.0542
24.9000,0.0564
24.9500,0.0530
25.0000,0.0587
25.0500,0.0567
25.1000,0.0533
25.1500,0.0539
25.2000,0.0551
25.2500,0.0583
25.3000,0.0514
25.3500,0.0561
25.4000,0.0512
25.4500,0.0576
25.5000,0.0516
25.5500,0.0562
25.6000,0.0494
25.6500,0.0532
25.7000,0.0473
25.7500,0.0535
25.8000,0.0501
25.8500,0.0484
25.9000,0.0469
25.9500,0.0483
26.0000,0.0521
26.0500,0.0448
26.1000,0.0494
26.1500,0.0439
26.2000,0.0495
26.2500,0.0430
26.3000,0.0496
26.3500,0.0428
26.4000,0.0441
26.4500,0.0405
26.5000,0.0447
26.5500,0.0453
26.6000,0.0395
26.6500,0.0429
26.7000,0.0395
26.7500,0.0456
26.8000,0.0404
26.8500,0.0448
26.9000,0.0381
26.9500,0.0416
27.0000,0.0371
27.0500,0.0429
27.1000,0.0414
27.1500,0.0375
27.2000,0.0396
27.2500,0.0390
27.3000,0.0438
27.3500,0.0401
27.4000,0.0429
27.4500,0.0370
27.5000,0.0425
27.5500,0.0373
27.6000,0.0440
27.6500,0.0393
27.7000,0.0397
27.7500,0.0385
27.8000,0.0411
27.8500,0.0441
27.9000,0.0431
27.9500,0.0439
28.0000,0.0391
28.0500,0.0456
28.1000,0.0404
28.1500,0.0468
28.2000,0.0408
28.2500,0.0429
28.3000,0.0401
28.3500,0.0452
28.4000,0.0461
28.4500,0.0412
28.5000,0.0449
28.5500,0.0416
28.6000,0.0485
28.6500,0.0437
28.7000,0.0488
28.7500,0.0421
28.8000,0.0465
28.8500,0.0425
28.9000,0.0483
28.9500,0.0465
29.0000,0.0435
29.0500,0.0453
29.1000,0.0448
29.1500,0.0500
29.2000,0.0464
29.2500,0.0487
29.3000,0.0427
29.3500,0.0482
29.4000,0.0428
29.4500,0.0490
29.5000,0.0452
29.5500,0.0440
29.6000,0.0431
29.6500,0.0458
29.7000,0.0487
29.7500,0.0466
29.8000,0.0472
29.8500,0.0419
29.9000,0.0477
29.9500,0.0422
30.0000,0.0484
30.0500,0.0423
30.1000,0.0440
30.1500,0.0407
30.2000,0.0447
30.2500,0.0458
30.3000,0.0457
30.3500,0.0442
30.4000,0.0403
30.4500,0.0466
30.5000,0.0411
30.5500,0.0465
30.6000,0.0392
30.6500,0.0428
30.7000,0.0383
30.7500,0.0434
30.8000,0.0425
30.8500,0.0387
30.9000,0.0401
30.9500,0.0395
31.0000,0.0446
31.0500,0.0403
31.1000,0.0435
31.1500,0.0368
31.2000,0.0423
31.2500,0.0371
31.3000,0.0435
31.3500,0.0386
31.4000,0.0384
31.4500,0.0375
31.5000,0.0402
31.5500,0.0423
31.6000,0.0415
31.6500,0.0402
31.7000,0.0366
31.7500,0.0430
31.8000,0.0378
31.8500,0.0427
31.9000,0.0362
31.9500,0.0401
32.0000,0.0358
32.0500,0.0419
32.1000,0.0392
32.1500,0.0425
32.2000,0.0376
32.2500,0.0382
32.3000,0.0426
32.3500,0.0395
32.4000,0.0413
32.4500,0.0359
32.5000,0.0421
32.5500,0.0368
32.6000,0.0429
32.6500,0.0369
32.7000,0.0392
32.7500,0.0361
32.8000,0.0409
32.8500,0.0404
32.9000,0.0423
32.9500,0.0384
33.0000,0.0375
33.0500,0.0427
33.1000,0.0390
33.1500,0.0423
33.2000,0.0358
33.2500,0.0416
33.3000,0.0362
33.3500,0.0429
33.4000,0.0378
33.4500,0.0379
33.5000,0.0365
33.5500,0.0399
33.6000,0.0417
33.6500,0.0417
33.7000,0.0397
33.7500,0.0368
33.8000,0.0430
33.8500,0.0379
33.9000,0.0428
33.9500,0.0363
34.0000,0.0408
34.0500,0.0359
34.1000,0.0425
34.1500,0.0385
34.2000,0.0429
34.2500,0.0364
34.3000,0.0397
34.3500,0.0418
34.4000,0.0412
34.4500,0.0404
34.5000,0.0365
34.5500,0.0429
34.6000,0.0376
34.6500,0.0429
34.7000,0.0366
34.7500,0.0399
34.8000,0.0361
34.8500,0.0416
34.9000,0.0400
34.9500,0.0424
35.0000,0.0384
35.0500,0.0381
35.1000,0.0429
35.1500,0.0397
35.2000,0.0420
35.2500,0.0358
35.3000,0.0420
35.3500,0.0370
35.4000,0.0433
35.4500,0.0376
35.5000,0.0430
35.5500,0.0360
35.6000,0.0408
35.6500,0.0410
35.7000,0.0419
35.7500,0.0394
35.8000,0.0372
35.8500,0.0430
35.9000,0.0385
35.9500,0.0431
36.0000,0.0358
36.0500,0.0410
36.1000,0.0362
36.1500,0.0424
36.2000,0.0382
36.2500,0.0434
36.3000,0.0368
36.3500,0.0394
36.4000,0.0420
36.4500,0.0414
36.5000,0.0406
36.5500,0.0365
36.6000,0.0429
36.6500,0.0378
36.7000,0.0431
36.7500,0.0371
36.8000,0.0430
36.8500,0.0367
36.9000,0.0419
36.9500,0.0410
37.0000,0.0436
37.0500,0.0387
37.1000,0.0390
37.1500,0.0441
37.2000,0.0408
37.2500,0.0427
37.3000,0.0374
37.3500,0.0428
37.4000,0.0378
37.4500,0.0446
37.5000,0.0397
37.5500,0.0453
37.6000,0.0387
37.6500,0.0417
37.7000,0.0445
37.7500,0.0433
37.8000,0.0435
37.8500,0.0389
37.9000,0.0453
37.9500,0.0403
38.0000,0.0466
38.0500,0.0401
38.1000,0.0465
38.1500,0.0396
38.2000,0.0439
38.2500,0.0451
38.3000,0.0451
38.3500,0.0439
38.4000,0.0403
38.4500,0.0477
38.5000,0.0423
38.5500,0.0472
38.6000,0.0404
38.6500,0.0465
38.7000,0.0404
38.7500,0.0454
38.8000,0.0444
38.8500,0.0469
38.9000,0.0426
38.9500,0.0419
39.0000,0.0475
39.0500,0.0435
39.1000,0.0466
39.1500,0.0399
39.2000,0.0453
39.2500,0.0399
39.3000,0.0464
39.3500,0.0423
39.4000,0.0467
39.4500,0.0406
39.5000,0.0423
39.5500,0.0459
39.6000,0.0432
39.6500,0.0444
39.7000,0.0386
39.7500,0.0447
39.8000,0.0390
39.8500,0.0456
39.9000,0.0391
39.9500,0.0447
40.0000,0.0379
40.0500,0.0420
40.1000,0.0430
40.1500,0.0429
40.2000,0.0409
40.2500,0.0382
40.3000,0.0439
40.3500,0.0391
40.4000,0.0438
40.4500,0.0368
40.5000,0.0428
40.5500,0.0368
40.6000,0.0427
40.6500,0.0408
40.7000,0.0441
40.7500,0.0394
40.8000,0.0395
40.8500,0.0444
40.9000,0.0415
40.9500,0.0441
41.0000,0.0385
41.0500,0.0441
41.1000,0.0392
41.1500,0.0457
41.2000,0.0420
41.2500,0.0473
41.3000,0.0410
41.3500,0.0443
41.4000,0.0471
41.4500,0.0465
41.5000,0.0472
41.5500,0.0430
41.6000,0.0473
41.6500,0.0453
41.7000,0.0514
41.7500,0.0453
41.8000,0.0520
41.8500,0.0455
41.9000,0.0510
41.9500,0.0510
42.0000,0.0534
42.0500,0.0506
42.1000,0.0499
42.1500,0.0556
42.2000,0.0530
42.2500,0.0558
42.3000,0.0505
42.3500,0.0555
42.4000,0.0522
42.4500,0.0587
42.5000,0.0532
42.5500,0.0593
42.6000,0.0532
42.6500,0.0590
42.7000,0.0578
42.7500,0.0609
42.8000,0.0565
42.8500,0.0573
42.9000,0.0615
42.9500,0.0602
43.0000,0.0598
43.0500,0.0554
43.1000,0.0575
43.1500,0.0573
43.2000,0.0619
43.2500,0.0551
43.3000,0.0598
43.3500,0.0547
43.4000,0.0616
43.4500,0.0563
43.5000,0.0607
43.5500,0.0536
43.6000,0.0578
43.6500,0.0575
43.7000,0.0582
43.7500,0.0537
43.8000,0.0524
43.8500,0.0575
43.9000,0.0530
43.9500,0.0556
44.0000,0.0480
44.0500,0.0515
44.1000,0.0471
44.1500,0.0532
44.2000,0.0479
44.2500,0.0512
44.3000,0.0442
44.3500,0.0477
44.4000,0.0487
44.4500,0.0470
44.5000,0.0462
44.5500,0.0407
44.6000,0.0408
44.6500,0.0403
44.7000,0.0455
44.7500,0.0390
44.8000,0.0451
44.8500,0.0381
44.9000,0.0438
44.9500,0.0426
45.0000,0.0447
45.0500,0.0408
45.1000,0.0396
45.1500,0.0394
45.2000,0.0412
45.2500,0.0446
45.3000,0.0387
45.3500,0.0446
45.4000,0.0394
45.4500,0.0455
45.5000,0.0437
45.5500,0.0481
45.6000,0.0441
45.6500,0.0448
45.7000,0.0441
45.7500,0.0487
45.8000,0.0506
45.8500,0.0459
45.9000,0.0516
45.9500,0.0487
46.0000,0.0552
46.0500,0.0503
46.1000,0.0572
46.1500,0.0512
46.2000,0.0582
46.2500,0.0585
46.3000,0.0627
46.3500,0.0587
46.4000,0.0592
46.4500,0.0606
46.5000,0.0653
46.5500,0.0663
46.6000,0.0622
46.6500,0.0671
46.7000,0.0663
46.7500,0.0731
46.8000,0.0669
46.8500,0.0749
46.9000,0.0687
46.9500,0.0740
47.0000,0.0753
47.0500,0.0769
47.1000,0.0762
47.1500,0.0718
47.2000,0.0762
47.2500,0.0735
47.3000,0.0797
47.3500,0.0752
47.4000,0.0801
47.4500,0.0745
47.5000,0.0750
47.5500,0.0731
47.6000,0.0759
47.6500,0.0779
47.7000,0.0716
47.7500,0.0767
47.8000,0.0700
47.8500,0.0762
47.9000,0.0737
47.9500,0.0758
48.0000,0.0710
48.0500,0.0691
48.1000,0.0681
48.1500,0.0673
48.2000,0.0701
48.2500,0.0631
48.3000,0.0644
48.3500,0.0594
48.4000,0.0656
48.4500,0.0598
48.5000,0.0626
48.5500,0.0552
48.6000,0.0591
48.6500,0.0516
48.7000,0.0570
48.7500,0.0527
48.8000,0.0513
48.8500,0.0482
48.9000,0.0500
48.9500,0.0516
49.0000,0.0451
49.0500,0.0484
49.1000,0.0435
49.1500,0.0490
49.2000,0.0439
49.2500,0.0479
49.3000,0.0412
49.3500,0.0438
49.4000,0.0393
49.4500,0.0440
49.5000,0.0435
49.5500,0.0392
49.6000,0.0418
49.6500,0.0401
49.7000,0.0459
49.7500,0.0396
49.8000,0.0461
49.8500,0.0397
49.9000,0.0441
49.9500,0.0404
50.0000,0.0467
50.0500,0.0456
50.1000,0.0431
50.1500,0.0460
50.2000,0.0462
50.2500,0.0514
50.3000,0.0459
50.3500,0.0548
50.4000,0.0488
50.4500,0.0558
50.5000,0.0538
50.5500,0.0589
50.6000,0.0548
50.6500,0.0576
50.7000,0.0565
50.7500,0.0625
50.8000,0.0616
50.8500,0.0610
50.9000,0.0634
50.9500,0.0655
51.0000,0.0708
51.0500,0.0644
51.1000,0.0722
51.1500,0.0670
51.2000,0.0742
51.2500,0.0696
51.3000,0.0767
51.3500,0.0732
51.4000,0.0730
51.4500,0.0740
51.5000,0.0753
51.5500,0.0801
51.6000,0.0741
51.6500,0.0807
51.7000,0.0744
51.7500,0.0791
51.8000,0.0749
51.8500,0.0800
51.9000,0.0802
51.9500,0.0745
52.0000,0.0786
52.0500,0.0744
52.1000,0.0806
52.1500,0.0739
52.2000,0.0792
52.2500,0.0742
52.3000,0.0735
52.3500,0.0715
52.4000,0.0722
52.4500,0.0751
52.5000,0.0681
52.5500,0.0723
52.6000,0.0656
52.6500,0.0705
52.7000,0.0634
52.7500,0.0691
52.8000,0.0628
52.8500,0.0628
52.9000,0.0589
52.9500,0.0632
53.0000,0.0618
53.0500,0.0567
53.1000,0.0561
53.1500,0.0553
53.2000,0.0585
53.2500,0.0510
53.3000,0.0535
53.3500,0.0477
53.4000,0.0535
53.4500,0.0459
53.5000,0.0518
53.5500,0.0451
53.6000,0.0462
53.6500,0.0419
53.7000,0.0451
53.7500,0.0457
53.8000,0.0407
53.8500,0.0434
53.9000,0.0400
53.9500,0.0460
54.0000,0.0402
54.0500,0.0454
54.1000,0.0385
54.1500,0.0427
54.2000,0.0382
54.2500,0.0441
54.3000,0.0427
54.3500,0.0395
54.4000,0.0415
54.4500,0.0421
54.5000,0.0467
54.5500,0.0401
54.6000,0.0477
54.6500,0.0415
54.7000,0.0475
54.7500,0.0436
54.8000,0.0502
54.8500,0.0467
54.9000,0.0465
54.9500,0.0468
55.0000,0.0497
55.0500,0.0535
55.1000,0.0481
55.1500,0.0539
55.2000,0.0506
55.2500,0.0577
55.3000,0.0529
55.3500,0.0605
55.4000,0.0538
55.4500,0.0595
55.5000,0.0554
55.5500,0.0628
55.6000,0.0588
55.6500,0.0588
55.7000,0.0580
55.7500,0.0626
55.8000,0.0634
55.8500,0.0596
55.9000,0.0620
55.9500,0.0627
56.0000,0.0673
56.0500,0.0606
56.1000,0.0663
56.1500,0.0611
56.2000,0.0677
56.2500,0.0621
56.3000,0.0680
56.3500,0.0609
56.4000,0.0648
56.4500,0.0606
56.5000,0.0667
56.5500,0.0628
56.6000,0.0613
56.6500,0.0598
56.7000,0.0625
56.7500,0.0637
56.8000,0.0575
56.8500,0.0596
56.9000,0.0572
56.9500,0.0626
57.0000,0.0558
57.0500,0.0600
57.1000,0.0533
57.1500,0.0595
57.2000,0.0526
57.2500,0.0580
57.3000,0.0517
57.3500,0.0535
57.4000,0.0489
57.4500,0.0542
57.5000,0.0524
57.5500,0.0487
57.6000,0.0489
57.6500,0.0480
57.7000,0.0521
57.7500,0.0446
57.8000,0.0502
57.8500,0.0435
57.9000,0.0482
57.9500,0.0409
58.0000,0.0475
58.0500,0.0435
58.1000,0.0417
58.1500,0.0406
58.2000,0.0423
58.2500,0.0454
58.3000,0.0387
58.3500,0.0435
58.4000,0.0382
58.4500,0.0444
58.5000,0.0386
58.5500,0.0445
58.6000,0.0384
58.6500,0.0399
58.7000,0.0371
58.7500,0.0415
58.8000,0.0422
58.8500,0.0370
58.9000,0.0405
58.9500,0.0381
59.0000,0.0443
59.0500,0.0394
59.1000,0.0441
59.1500,0.0372
59.2000,0.0415
59.2500,0.0375
59.3000,0.0432
59.3500,0.0417
59.4000,0.0385
59.4500,0.0402
59.5000,0.0401
59.5500,0.0457
59.6000,0.0425
59.6500,0.0457
59.7000,0.0394
59.7500,0.0450
59.8000,0.0403
59.8500,0.0466
59.9000,0.0425
59.9500,0.0420
60.0000,0.0415
60.0500,0.0438
60.1000,0.0469
60.1500,0.0452
60.2000,0.0465
60.2500,0.0410
60.3000,0.0470
60.3500,0.0423
60.4000,0.0483
60.4500,0.0425
60.5000,0.0439
60.5500,0.0412
60.6000,0.0459
60.6500,0.0467
60.7000,0.0415
60.7500,0.0454
60.8000,0.0417
60.8500,0.0482
60.9000,0.0430
60.9500,0.0485
61.0000,0.0418
61.0500,0.0455
61.1000,0.0408
61.1500,0.0462
61.2000,0.0448
61.2500,0.0416
61.3000,0.0428
61.3500,0.0428
61.4000,0.0478
61.4500,0.0434
61.5000,0.0462
61.5500,0.0399
61.6000,0.0453
61.6500,0.0399
61.7000,0.0461
61.7500,0.0424
61.8000,0.0409
61.8500,0.0406
61.9000,0.0426
61.9500,0.0460
62.0000,0.0431
62.0500,0.0448
62.1000,0.0387
62.1500,0.0456
62.2000,0.0394
62.2500,0.0453
62.3000,0.0397
62.3500,0.0411
62.4000,0.0385
62.4500,0.0420
62.5000,0.0435
62.5500,0.0433
62.6000,0.0415
62.6500,0.0384
62.7000,0.0449
62.7500,0.0394
62.8000,0.0443
62.8500,0.0373
62.9000,0.0413
62.9500,0.0368
63.0000,0.0426
63.0500,0.0405
63.1000,0.0377
63.1500,0.0389
63.2000,0.0389
63.2500,0.0437
63.3000,0.0403
63.3500,0.0423
63.4000,0.0367
63.4500,0.0429
63.5000,0.0370
63.5500,0.0436
63.6000,0.0383
63.6500,0.0391
63.7000,0.0366
63.7500,0.0406
63.8000,0.0422
63.8500,0.0423
63.9000,0.0407
63.9500,0.0372
64.0000,0.0437
64.0500,0.0391
64.1000,0.0438
64.1500,0.0375
64.2000,0.0410
64.2500,0.0373
64.3000,0.0430
64.3500,0.0416
64.4000,0.0448
64.4500,0.0403
64.5000,0.0402
64.5500,0.0450
64.6000,0.0418
64.6500,0.0450
64.7000,0.0386
64.7500,0.0447
64.8000,0.0397
64.8500,0.0458
64.9000,0.0418
64.9500,0.0414
65.0000,0.0411
65.0500,0.0435
65.1000,0.0469
65.1500,0.0455
65.2000,0.0463
65.2500,0.0412
65.3000,0.0474
65.3500,0.0426
65.4000,0.0489
65.4500,0.0428
65.5000,0.0446
65.5500,0.0421
65.6000,0.0467
65.6500,0.0474
65.7000,0.0480
65.7500,0.0460
65.8000,0.0431
65.8500,0.0495
65.9000,0.0443
65.9500,0.0497
66.0000,0.0425
66.0500,0.0465
66.1000,0.0423
66.1500,0.0475
66.2000,0.0462
66.2500,0.0481
66.3000,0.0448
66.3500,0.0429
66.4000,0.0487
66.4500,0.0438
66.5000,0.0476
66.5500,0.0406
66.6000,0.0454
66.6500,0.0406
66.7000,0.0465
66.7500,0.0434
66.8000,0.0469
66.8500,0.0414
66.9000,0.0424
66.9500,0.0462
67.0000,0.0432
67.0500,0.0448
67.1000,0.0393
67.1500,0.0445
67.2000,0.0394
67.2500,0.0460
67.3000,0.0405
67.3500,0.0456
67.4000,0.0392
67.4500,0.0427
67.5000,0.0445
67.5500,0.0440
67.6000,0.0439
67.6500,0.0394
67.7000,0.0461
67.7500,0.0417
67.8000,0.0475
67.8500,0.0412
67.9000,0.0447
67.9500,0.0416
68.0000,0.0477
68.0500,0.0476
68.1000,0.0505
68.1500,0.0480
68.2000,0.0473
68.2500,0.0531
68.3000,0.0515
68.3500,0.0554
68.4000,0.0493
68.4500,0.0563
68.5000,0.0525
68.5500,0.0600
68.6000,0.0555
68.6500,0.0619
68.7000,0.0565
68.7500,0.0639
68.8000,0.0637
68.8500,0.0685
68.9000,0.0635
68.9500,0.0662
69.0000,0.0708
69.0500,0.0711
69.1000,0.0736
69.1500,0.0682
69.2000,0.0752
69.2500,0.0706
69.3000,0.0785
69.3500,0.0753
69.4000,0.0812
69.4500,0.0778
69.5000,0.0773
69.5500,0.0837
69.6000,0.0794
69.6500,0.0855
69.7000,0.0795
69.7500,0.0863
69.8000,0.0801
69.8500,0.0830
69.9000,0.0869
69.9500,0.0841
70.0000,0.0863
70.0500,0.0804
70.1000,0.0862
70.1500,0.0796
70.2000,0.0853
70.2500,0.0841
70.3000,0.0849
70.3500,0.0820
70.4000,0.0783
70.4500,0.0841
70.5000,0.0770
70.5500,0.0822
70.6000,0.0763
70.6500,0.0805
70.7000,0.0732
70.7500,0.0735
70.8000,0.0767
70.8500,0.0716
70.9000,0.0720
70.9500,0.0652
71.0000,0.0682
71.0500,0.0618
71.1000,0.0666
71.1500,0.0599
71.2000,0.0630
71.2500,0.0553
71.3000,0.0586
71.3500,0.0579
71.4000,0.0570
71.4500,0.0527
71.5000,0.0501
71.5500,0.0547
71.6000,0.0488
71.6500,0.0518
71.7000,0.0448
71.7500,0.0495
71.8000,0.0438
71.8500,0.0491
71.9000,0.0461
71.9500,0.0496
72.0000,0.0446
72.0500,0.0453
72.1000,0.0497
72.1500,0.0478
72.2000,0.0500
72.2500,0.0447
72.3000,0.0501
72.3500,0.0482
72.4000,0.0544
72.4500,0.0504
72.5000,0.0584
72.5500,0.0534
72.6000,0.0616
72.6500,0.0614
72.7000,0.0669
72.7500,0.0643
72.8000,0.0654
72.8500,0.0714
72.9000,0.0747
72.9500,0.0811
73.0000,0.0775
73.0500,0.0854
73.1000,0.0827
73.1500,0.0928
73.2000,0.0936
73.2500,0.0972
73.3000,0.1019
73.3500,0.0993
73.4000,0.1086
73.4500,0.1071
73.5000,0.1159
73.5500,0.1149
73.6000,0.1230
73.6500,0.1210
73.7000,0.1242
73.7500,0.1304
73.8000,0.1351
73.8500,0.1395
73.9000,0.1333
73.9500,0.1446
74.0000,0.1397
74.0500,0.1477
74.1000,0.1460
74.1500,0.1500
74.2000,0.1478
74.2500,0.1459
74.3000,0.1499
74.3500,0.1474
74.4000,0.1541
74.4500,0.1494
74.5000,0.1537
74.5500,0.1483
74.6000,0.1467
74.6500,0.1458
74.7000,0.1443
74.7500,0.1484
74.8000,0.1407
74.8500,0.1438
74.9000,0.1356
74.9500,0.1378
75.0000,0.1380
75.0500,0.1322
75.1000,0.1295
75.1500,0.1233
75.2000,0.1202
75.2500,0.1163
75.3000,0.1209
75.3500,0.1114
75.4000,0.1118
75.4500,0.1038
75.5000,0.1033
75.5500,0.0963
75.6000,0.0948
75.6500,0.0962
75.7000,0.0873
75.7500,0.0856
75.8000,0.0752
75.8500,0.0772
75.9000,0.0783
75.9500,0.0729
76.0000,0.0696
76.0500,0.0610
76.1000,0.0602
76.1500,0.0562
76.2000,0.0608
76.2500,0.0530
76.3000,0.0565
76.3500,0.0494
76.4000,0.0545
76.4500,0.0512
76.5000,0.0540
76.5500,0.0487
76.6000,0.0504
76.6500,0.0545
76.7000,0.0527
76.7500,0.0548
76.8000,0.0501
76.8500,0.0544
76.9000,0.0527
76.9500,0.0650
77.0000,0.0627
77.0500,0.0695
77.1000,0.0635
77.1500,0.0724
77.2000,0.0787
77.2500,0.0863
77.3000,0.0866
77.3500,0.0896
77.4000,0.0984
77.4500,0.0996
77.5000,0.1092
77.5500,0.1087
77.6000,0.1219
77.6500,0.1195
77.7000,0.1241
77.7500,0.1305
77.8000,0.1400
77.8500,0.1449
77.9000,0.1427
77.9500,0.1555
78.0000,0.1551
78.0500,0.1617
78.1000,0.1636
78.1500,0.1707
78.2000,0.1780
78.2500,0.1758
78.3000,0.1903
78.3500,0.1875
78.4000,0.1893
78.4500,0.1952
78.5000,0.1949
78.5500,0.2011
78.6000,0.2031
78.6500,0.2046
78.7000,0.2075
78.7500,0.2027
78.8000,0.2094
78.8500,0.2039
78.9000,0.2039
78.9500,0.2032
79.0000,0.1999
79.0500,0.2036
79.1000,0.2013
79.1500,0.1976
79.2000,0.1967
79.2500,0.1890
79.3000,0.1895
79.3500,0.1831
79.4000,0.1794
79.4500,0.1761
79.5000,0.1704
79.5500,0.1699
79.6000,0.1590
79.6500,0.1593
79.7000,0.1540
79.7500,0.1460
79.8000,0.1443
79.8500,0.1350
79.9000,0.1394
79.9500,0.1321
80.0000,0.1253
80.0500,0.1133
80.1000,0.1096
80.1500,0.1017
80.2000,0.1001
80.2500,0.0984
80.3000,0.0918
80.3500,0.0872
80.4000,0.0801
80.4500,0.0804
80.5000,0.0695
80.5500,0.0723
80.6000,0.0717
80.6500,0.0637
80.7000,0.0595
80.7500,0.0554
80.8000,0.0613
80.8500,0.0528
80.9000,0.0573
80.9500,0.0505
81.0000,0.0555
81.0500,0.0499
81.1000,0.0563
81.1500,0.0523
81.2000,0.0558
81.2500,0.0541
81.3000,0.0607
81.3500,0.0623
81.4000,0.0608
81.4500,0.0672
81.5000,0.0688
81.5500,0.0755
81.6000,0.0724
81.6500,0.0831
81.7000,0.0803
81.7500,0.0879
81.8000,0.0889
81.8500,0.0967
81.9000,0.1032
81.9500,0.1008
82.0000,0.1151
82.0500,0.1168
82.1000,0.1241
82.1500,0.1294
82.2000,0.1389
82.2500,0.1364
82.3000,0.1426
82.3500,0.1463
82.4000,0.1526
82.4500,0.1642
82.5000,0.1625
82.5500,0.1737
82.6000,0.1711
82.6500,0.1721
82.7000,0.1833
82.7500,0.1817
82.8000,0.1894
82.8500,0.1890
82.9000,0.1937
82.9500,0.1979
83.0000,0.1946
83.0500,0.2022
83.1000,0.1998
83.1500,0.2001
83.2000,0.2038
83.2500,0.2007
83.3000,0.2066
83.3500,0.2012
83.4000,0.2048
83.4500,0.2056
83.5000,0.1994
83.5500,0.2045
83.6000,0.1986
83.6500,0.1967
83.7000,0.1964
83.7500,0.1914
83.8000,0.1946
83.8500,0.1851
83.9000,0.1865
83.9500,0.1865
84.0000,0.1732
84.0500,0.1764
84.1000,0.1679
84.1500,0.1626
84.2000,0.1577
84.2500,0.1483
84.3000,0.1502
84.3500,0.1333
84.4000,0.1370
84.4500,0.1266
84.5000,0.1251
84.5500,0.1170
84.6000,0.1166
84.6500,0.1146
84.7000,0.1020
84.7500,0.1008
84.8000,0.0911
84.8500,0.0922
84.9000,0.0808
84.9500,0.0826
85.0000,0.0788
85.0500,0.0715
85.1000,0.0708
85.1500,0.0659
85.2000,0.0698
85.2500,0.0610
85.3000,0.0636
85.3500,0.0541
85.4000,0.0587
85.4500,0.0503
85.5000,0.0563
85.5500,0.0502
85.6000,0.0494
85.6500,0.0475
85.7000,0.0514
85.7500,0.0530
85.8000,0.0482
85.8500,0.0526
85.9000,0.0509
85.9500,0.0579
86.0000,0.0562
86.0500,0.0619
86.1000,0.0578
86.1500,0.0654
86.2000,0.0637
86.2500,0.0726
86.3000,0.0669
86.3500,0.0715
86.4000,0.0711
86.4500,0.0766
86.5000,0.0802
86.5500,0.0766
86.6000,0.0956
86.6500,0.0907
86.7000,0.0960
86.7500,0.0946
86.8000,0.1082
86.8500,0.1080
86.9000,0.1060
86.9500,0.1150
87.0000,0.1143
87.0500,0.1219
87.1000,0.1200
87.1500,0.1266
87.2000,0.1219
87.2500,0.1273
87.3000,0.1268
87.3500,0.1339
87.4000,0.1335
87.4500,0.1312
87.5000,0.1350
87.5500,0.1345
87.6000,0.1409
87.6500,0.1364
87.7000,0.1408
87.7500,0.1343
87.8000,0.1386
87.8500,0.1330
87.9000,0.1389
87.9500,0.1372
88.0000,0.1319
88.0500,0.1332
88.1000,0.1303
88.1500,0.1350
88.2000,0.1273
88.2500,0.1299
88.3000,0.1221
88.3500,0.1250
88.4000,0.1164
88.4500,0.1206
88.5000,0.1180
88.5500,0.1172
88.6000,0.1122
88.6500,0.1070
88.7000,0.1107
88.7500,0.1017
88.8000,0.1044
88.8500,0.0976
88.9000,0.0953
88.9500,0.0909
89.0000,0.0885
89.0500,0.0921
89.1000,0.0820
89.1500,0.0857
89.2000,0.0766
89.2500,0.0769
89.3000,0.0697
89.3500,0.0702
89.4000,0.0714
89.4500,0.0668
89.5000,0.0647
89.5500,0.0597
89.6000,0.0643
89.6500,0.0572
89.7000,0.0601
89.7500,0.0520
89.8000,0.0567
89.8500,0.0496
89.9000,0.0547
89.9500,0.0496
90.0000,0.0495
90.0500,0.0457
90.1000,0.0483
90.1500,0.0493
90.2000,0.0477
90.2500,0.0465
90.3000,0.0424
90.3500,0.0484
90.4000,0.0426
90.4500,0.0486
90.5000,0.0417
90.5500,0.0446
90.6000,0.0413
90.6500,0.0468
90.7000,0.0463
90.7500,0.0481
90.8000,0.0451
90.8500,0.0441
90.9000,0.0499
90.9500,0.0457
91.0000,0.0500
91.0500,0.0436
91.1000,0.0493
91.1500,0.0446
91.2000,0.0510
91.2500,0.0480
91.3000,0.0526
91.3500,0.0473
91.4000,0.0493
91.4500,0.0528
91.5000,0.0520
91.5500,0.0529
91.6000,0.0483
91.6500,0.0549
91.7000,0.0498
91.7500,0.0558
91.8000,0.0495
91.8500,0.0537
91.9000,0.0494
91.9500,0.0558
92.0000,0.0531
92.0500,0.0566
92.1000,0.0516
92.1500,0.0529
92.2000,0.0561
92.2500,0.0550
92.3000,0.0551
92.3500,0.0504
92.4000,0.0568
92.4500,0.0516
92.5000,0.0566
92.5500,0.0499
92.6000,0.0537
92.6500,0.0491
92.7000,0.0554
92.7500,0.0530
92.8000,0.0561
92.8500,0.0506
92.9000,0.0514
92.9500,0.0555
93.0000,0.0531
93.0500,0.0538
93.1000,0.0490
93.1500,0.0554
93.2000,0.0492
93.2500,0.0553
93.3000,0.0488
93.3500,0.0546
93.4000,0.0481
93.4500,0.0537
93.5000,0.0518
93.5500,0.0548
93.6000,0.0501
93.6500,0.0510
93.7000,0.0551
93.7500,0.0532
93.8000,0.0534
93.8500,0.0487
93.9000,0.0554
93.9500,0.0504
94.0000,0.0558
94.0500,0.0491
94.1000,0.0554
94.1500,0.0489
94.2000,0.0552
94.2500,0.0528
94.3000,0.0569
94.3500,0.0513
94.4000,0.0532
94.4500,0.0567
94.5000,0.0554
94.5500,0.0553
94.6000,0.0517
94.6500,0.0585
94.7000,0.0538
94.7500,0.0586
94.8000,0.0521
94.8500,0.0585
94.9000,0.0532
94.9500,0.0604
95.0000,0.0566
95.0500,0.0619
95.1000,0.0550
95.1500,0.0603
95.2000,0.0605
95.2500,0.0625
95.3000,0.0590
95.3500,0.0600
95.4000,0.0652
95.4500,0.0640
95.5000,0.0643
95.5500,0.0598
95.6000,0.0673
95.6500,0.0630
95.7000,0.0682
95.7500,0.0618
95.8000,0.0681
95.8500,0.0627
95.9000,0.0699
95.9500,0.0660
96.0000,0.0715
96.0500,0.0650
96.1000,0.0687
96.1500,0.0715
96.2000,0.0721
96.2500,0.0717
96.3000,0.0675
96.3500,0.0706
96.4000,0.0688
96.4500,0.0757
96.5000,0.0701
96.5500,0.0757
96.6000,0.0690
96.6500,0.0728
96.7000,0.0744
96.7500,0.0735
96.8000,0.0733
96.8500,0.0676
96.9000,0.0718
96.9500,0.0677
97.0000,0.0740
97.0500,0.0682
97.1000,0.0724
97.1500,0.0655
97.2000,0.0693
97.2500,0.0696
97.3000,0.0690
97.3500,0.0651
97.4000,0.0630
97.4500,0.0616
97.5000,0.0629
97.5500,0.0653
97.6000,0.0583
97.6500,0.0602
97.7000,0.0567
97.7500,0.0623
97.8000,0.0555
97.8500,0.0597
97.9000,0.0526
97.9500,0.0581
98.0000,0.0552
98.0500,0.0579
98.1000,0.0521
98.1500,0.0538
98.2000,0.0567
98.2500,0.0553
98.3000,0.0547
98.3500,0.0507
98.4000,0.0536
98.4500,0.0544
98.5000,0.0592
98.5500,0.0532
98.6000,0.0605
98.6500,0.0562
98.7000,0.0655
98.7500,0.0608
98.8000,0.0708
98.8500,0.0649
98.9000,0.0712
98.9500,0.0756
99.0000,0.0810
99.0500,0.0829
99.1000,0.0829
99.1500,0.0914
99.2000,0.0917
99.2500,0.1012
99.3000,0.1021
99.3500,0.1142
99.4000,0.1151
99.4500,0.1176
99.5000,0.1233
99.5500,0.1268
99.6000,0.1380
99.6500,0.1440
99.7000,0.1568
99.7500,0.1596
99.8000,0.1673
99.8500,0.1760
99.9000,0.1810
99.9500,0.1958
100.0000,0.2032
100.0500,0.2120
100.1000,0.2179
100.1500,0.2202
100.2000,0.2318
100.2500,0.2350
100.3000,0.2471
100.3500,0.2511
100.4000,0.2638
100.4500,0.2691
100.5000,0.2717
100.5500,0.2803
100.6000,0.2795
100.6500,0.2897
100.7000,0.2921
100.7500,0.2997
100.8000,0.3044
100.8500,0.3009
100.9000,0.3128
100.9500,0.3103
101.0000,0.3095
101.0500,0.3152
101.1000,0.3112
101.1500,0.3155
101.2000,0.3115
101.2500,0.3114
101.3000,0.3147
101.3500,0.3051
101.4000,0.3057
101.4500,0.3049
101.5000,0.2989
101.5500,0.2959
101.6000,0.2860
101.6500,0.2859
101.7000,0.2738
101.7500,0.2700
101.8000,0.2687
101.8500,0.2548
101.9000,0.2511
101.9500,0.2401
102.0000,0.2342
102.0500,0.2153
102.1000,0.2078
102.1500,0.2094
102.2000,0.1872
102.2500,0.1878
102.3000,0.1825
102.3500,0.1706
102.4000,0.1679
102.4500,0.1543
102.5000,0.1515
102.5500,0.1330
102.6000,0.1317
102.6500,0.1234
102.7000,0.1097
102.7500,0.1072
102.8000,0.0969
102.8500,0.0983
102.9000,0.0899
102.9500,0.0938
103.0000,0.0910
103.0500,0.0865
103.1000,0.0900
103.1500,0.0884
103.2000,0.0958
103.2500,0.0966
103.3000,0.1041
103.3500,0.1038
103.4000,0.1109
103.4500,0.1224
103.5000,0.1301
103.5500,0.1428
103.6000,0.1478
103.6500,0.1731
103.7000,0.1768
103.7500,0.1853
103.8000,0.2032
103.8500,0.2189
103.9000,0.2399
103.9500,0.2614
104.0000,0.2899
104.0500,0.3034
104.1000,0.3174
104.1500,0.3496
104.2000,0.3690
104.2500,0.3825
104.3000,0.4088
104.3500,0.4220
104.4000,0.4472
104.4500,0.4812
104.5000,0.4926
104.5500,0.5120
104.6000,0.5743
104.6500,0.5824
104.7000,0.6002
104.7500,0.6146
104.8000,0.6512
104.8500,0.6815
104.9000,0.6813
104.9500,0.7285
105.0000,0.7342
105.0500,0.7484
105.1000,0.7604
105.1500,0.7698
105.2000,0.7883
105.2500,0.8015
105.3000,0.8102
105.3500,0.8216
105.4000,0.8292
105.4500,0.8295
105.5000,0.8351
105.5500,0.8431
105.6000,0.8417
105.6500,0.8400
105.7000,0.8435
105.7500,0.8386
105.8000,0.8308
105.8500,0.8192
105.9000,0.8129
105.9500,0.8105
106.0000,0.7979
106.0500,0.7539
106.1000,0.7513
106.1500,0.7416
106.2000,0.7191
106.2500,0.6838
106.3000,0.6704
106.3500,0.6495
106.4000,0.6288
106.4500,0.5984
106.5000,0.5690
106.5500,0.5593
106.6000,0.5173
106.6500,0.4963
106.7000,0.4834
106.7500,0.4544
106.8000,0.4364
106.8500,0.3972
106.9000,0.3551
106.9500,0.3445
107.0000,0.3382
107.0500,0.2870
107.1000,0.2646
107.1500,0.2498
107.2000,0.2414
107.2500,0.2115
107.3000,0.2001
107.3500,0.1951
107.4000,0.1665
107.4500,0.1645
107.5000,0.1558
107.5500,0.1469
107.6000,0.1445
107.6500,0.1409
107.7000,0.1481
107.7500,0.1484
107.8000,0.1588
107.8500,0.1604
107.9000,0.1643
107.9500,0.1887
108.0000,0.1964
108.0500,0.2175
108.1000,0.2361
108.1500,0.2638
108.2000,0.2924
108.2500,0.3240
108.3000,0.3488
108.3500,0.3683
108.4000,0.3865
108.4500,0.4495
108.5000,0.4653
108.5500,0.4981
108.6000,0.5700
108.6500,0.5954
108.7000,0.6125
108.7500,0.6893
108.8000,0.7253
108.8500,0.7724
108.9000,0.8246
108.9500,0.8612
109.0000,0.9016
109.0500,0.9491
109.1000,0.9758
109.1500,1.0249
109.2000,1.0966
109.2500,1.1351
109.3000,1.1561
109.3500,1.2039
109.4000,1.2410
109.4500,1.2616
109.5000,1.3466
109.5500,1.3733
109.6000,1.4068
109.6500,1.4455
109.7000,1.4551
109.7500,1.4805
109.8000,1.5024
109.8500,1.5105
109.9000,1.5429
109.9500,1.5490
110.0000,1.5513
110.0500,1.5542
110.1000,1.5578
110.1500,1.5578
110.2000,1.5448
110.2500,1.5392
110.3000,1.5344
110.3500,1.5065
110.4000,1.4967
110.4500,1.4678
110.5000,1.4447
110.5500,1.4163
110.6000,1.3875
110.6500,1.3755
110.7000,1.3522
110.7500,1.2987
110.8000,1.2477
110.8500,1.2233
110.9000,1.1605
110.9500,1.1163
111.0000,1.1030
111.0500,1.0105
111.1000,0.9837
111.1500,0.9527
111.2000,0.8660
111.2500,0.8476
111.3000,0.8187
111.3500,0.7197
111.4000,0.7116
111.4500,0.6536
111.5000,0.5714
111.5500,0.5579
111.6000,0.5298
111.6500,0.4624
111.7000,0.3754
111.7500,0.3639
111.8000,0.3443
111.8500,0.3225
111.9000,0.3045
111.9500,0.2971
112.0000,0.2481
112.0500,0.2411
112.1000,0.2328
112.1500,0.2099
112.2000,0.2092
112.2500,0.2025
112.3000,0.2237
112.3500,0.2217
112.4000,0.2245
112.4500,0.2382
112.5000,0.2763
112.5500,0.3005
112.6000,0.3062
112.6500,0.3797
112.7000,0.4025
112.7500,0.4276
112.8000,0.5276
112.8500,0.5390
112.9000,0.5792
112.9500,0.6214
113.0000,0.7225
113.0500,0.7578
113.1000,0.8130
113.1500,0.8753
113.2000,0.9397
113.2500,0.9967
113.3000,1.0849
113.3500,1.1269
113.4000,1.1656
113.4500,1.2573
113.5000,1.3090
113.5500,1.3891
113.6000,1.4677
113.6500,1.5247
113.7000,1.6526
113.7500,1.7056
113.8000,1.7419
113.8500,1.8391
113.9000,1.8598
113.9500,1.8918
114.0000,1.9345
114.0500,1.9629
114.1000,2.0317
114.1500,2.0925
114.2000,2.1118
114.2500,2.1349
114.3000,2.2372
114.3500,2.2436
114.4000,2.2523
114.4500,2.2831
114.5000,2.2983
114.5500,2.3068
114.6000,2.3017
114.6500,2.2933
114.7000,2.2881
114.7500,2.2772
114.8000,2.2568
114.8500,2.2202
114.9000,2.2033
114.9500,2.1622
115.0000,2.1178
115.0500,2.0862
115.1000,2.0482
115.1500,2.0394
115.2000,1.9263
115.2500,1.9075
115.3000,1.8785
115.3500,1.8657
115.4000,1.8288
115.4500,1.6943
115.5000,1.5218
115.5500,1.5127
115.6000,1.4738
115.6500,1.3955
115.7000,1.1473
115.7500,1.1269
115.8000,1.1217
115.8500,1.0161
115.9000,0.9431
115.9500,0.9073
116.0000,0.8623
116.0500,0.7565
116.1000,0.6962
116.1500,0.6183
116.2000,0.5841
116.2500,0.5597
116.3000,0.4971
116.3500,0.4036
116.4000,0.3918
116.4500,0.3670
116.5000,0.3131
116.5500,0.3169
116.6000,0.2974
116.6500,0.2765
116.7000,0.2699
116.7500,0.2626
116.8000,0.2693
116.8500,0.2645
116.9000,0.2701
116.9500,0.3085
117.0000,0.3401
117.0500,0.3554
117.1000,0.3848
117.1500,0.4822
117.2000,0.5188
117.2500,0.5525
117.3000,0.6318
117.3500,0.6727
117.4000,0.6960
117.4500,0.8040
117.5000,0.8890
117.5500,0.9502
117.6000,1.0825
117.6500,1.1263
117.7000,1.1781
117.7500,1.3179
117.8000,1.3844
117.8500,1.4901
117.9000,1.5627
117.9500,1.6267
118.0000,1.7028
118.0500,1.8371
118.1000,1.9207
118.1500,1.9387
118.2000,2.0549
118.2500,2.1570
118.3000,2.1999
118.3500,2.2928
118.4000,2.3821
118.4500,2.3943
118.5000,2.4515
118.5500,2.5847
118.6000,2.6483
118.6500,2.6867
118.7000,2.7208
118.7500,2.7631
118.8000,2.7892
118.8500,2.8434
118.9000,2.8648
118.9500,2.8805
119.0000,2.9052
119.0500,2.9064
119.1000,2.9048
119.1500,2.8864
119.2000,2.8778
119.2500,2.8612
119.3000,2.8276
119.3500,2.8119
119.4000,2.7598
119.4500,2.7121
119.5000,2.6874
119.5500,2.6198
119.6000,2.5665
119.6500,2.5307
119.7000,2.4340
119.7500,2.3891
119.8000,2.2518
119.8500,2.2232
119.9000,2.1520
119.9500,2.0058
120.0000,1.9322
120.0500,1.8455
120.1000,1.7388
120.1500,1.6898
120.2000,1.6101
120.2500,1.4936
120.3000,1.4415
120.3500,1.3765
120.4000,1.2610
120.4500,1.1701
120.5000,1.0753
120.5500,0.9525
120.6000,0.8882
120.6500,0.8414
120.7000,0.6884
120.7500,0.6607
120.8000,0.6234
120.8500,0.5365
120.9000,0.5082
120.9500,0.4546
121.0000,0.4033
121.0500,0.3876
121.1000,0.3362
121.1500,0.3267
121.2000,0.3148
121.2500,0.3127
121.3000,0.3062
121.3500,0.3095
121.4000,0.3315
121.4500,0.3321
121.5000,0.3728
121.5500,0.3886
121.6000,0.4119
121.6500,0.4769
121.7000,0.5068
121.7500,0.5396
121.8000,0.6552
121.8500,0.6793
121.9000,0.7425
121.9500,0.9471
122.0000,1.0066
122.0500,1.0298
122.1000,1.1954
122.1500,1.2559
122.2000,1.3236
122.2500,1.4167
122.3000,1.4654
122.3500,1.5293
122.4000,1.7308
122.4500,1.8812
122.5000,1.8989
122.5500,2.0647
122.6000,2.1180
122.6500,2.2034
122.7000,2.3472
122.7500,2.4465
122.8000,2.5898
122.8500,2.6311
122.9000,2.6858
122.9500,2.7717
123.0000,2.8082
123.0500,2.8526
123.1000,2.9254
123.1500,2.9865
123.2000,3.0226
123.2500,3.0657
123.3000,3.0997
123.3500,3.1224
123.4000,3.1358
123.4500,3.1456
123.5000,3.1578
123.5500,3.1569
123.6000,3.1502
123.6500,3.1455
123.7000,3.1381
123.7500,3.1088
123.8000,3.0379
123.8500,3.0185
123.9000,2.9826
123.9500,2.9029
124.0000,2.8186
124.0500,2.7545
124.1000,2.7090
124.1500,2.5919
124.2000,2.5260
124.2500,2.4689
124.3000,2.3568
124.3500,2.2982
124.4000,2.1965
124.4500,2.1385
124.5000,2.0651
124.5500,1.8895
124.6000,1.8390
124.6500,1.7334
124.7000,1.5708
124.7500,1.5597
124.8000,1.4859
124.8500,1.3358
124.9000,1.3166
124.9500,1.2887
125.0000,1.1530
125.0500,1.0413
125.1000,0.9035
125.1500,0.8177
125.2000,0.7838
125.2500,0.7536
125.3000,0.6537
125.3500,0.4675
125.4000,0.4639
125.4500,0.4347
125.5000,0.3925
125.5500,0.3770
125.6000,0.3348
125.6500,0.3260
125.7000,0.3186
125.7500,0.2985
125.8000,0.3043
125.8500,0.3044
125.9000,0.3094
125.9500,0.3510
126.0000,0.3686
126.0500,0.3923
126.1000,0.4353
126.1500,0.4582
126.2000,0.4977
126.2500,0.5701
126.3000,0.6282
126.3500,0.6727
126.4000,0.8030
126.4500,0.8334
126.5000,0.8750
126.5500,0.9763
126.6000,1.0740
126.6500,1.1689
126.7000,1.2828
126.7500,1.3322
126.8000,1.4035
126.8500,1.5461
126.9000,1.6319
126.9500,1.7009
127.0000,1.7984
127.0500,1.8719
127.1000,1.9260
127.1500,2.0412
127.2000,2.0841
127.2500,2.1650
127.3000,2.2780
127.3500,2.3402
127.4000,2.3723
127.4500,2.4811
127.5000,2.5088
127.5500,2.5929
127.6000,2.6261
127.6500,2.6491
127.7000,2.7146
127.7500,2.7234
127.8000,2.7432
127.8500,2.7784
127.9000,2.7895
127.9500,2.7989
128.0000,2.8013
128.0500,2.7996
128.1000,2.7864
128.1500,2.7760
128.2000,2.7650
128.2500,2.7319
128.3000,2.7014
128.3500,2.6553
128.4000,2.6325
128.4500,2.5617
128.5000,2.5331
128.5500,2.4583
128.6000,2.4257
128.6500,2.2971
128.7000,2.2775
128.7500,2.2555
128.8000,2.1004
128.8500,2.0319
128.9000,1.8685
128.9500,1.8462
129.0000,1.7967
129.0500,1.6760
129.1000,1.5970
129.1500,1.5361
129.2000,1.4007
129.2500,1.3338
129.3000,1.2663
129.3500,1.2191
129.4000,1.0641
129.4500,0.9960
129.5000,0.9659
129.5500,0.8702
129.6000,0.8199
129.6500,0.7037
129.7000,0.6610
129.7500,0.6078
129.8000,0.5537
129.8500,0.5099
129.9000,0.4655
129.9500,0.3952
130.0000,0.3751
130.0500,0.3316
130.1000,0.3029
130.1500,0.2715
130.2000,0.2614
130.2500,0.2558
130.3000,0.2503
130.3500,0.2520
130.4000,0.2516
130.4500,0.2809
130.5000,0.2855
130.5500,0.3163
130.6000,0.3352
130.6500,0.3884
130.7000,0.4308
130.7500,0.4568
130.8000,0.5114
130.8500,0.5737
130.9000,0.6157
130.9500,0.6761
131.0000,0.7469
131.0500,0.7540
131.1000,0.8582
131.1500,0.8917
131.2000,0.9400
131.2500,1.0368
131.3000,1.0721
131.3500,1.1047
131.4000,1.2239
131.4500,1.2739
131.5000,1.3122
131.5500,1.4833
131.6000,1.5380
131.6500,1.5346
131.7000,1.6472
131.7500,1.7031
131.8000,1.7289
131.8500,1.7755
131.9000,1.8043
131.9500,1.8453
132.0000,1.9182
132.0500,1.9673
132.1000,1.9878
132.1500,2.0218
132.2000,2.0392
132.2500,2.0536
132.3000,2.0741
132.3500,2.0840
132.4000,2.0878
132.4500,2.0814
132.5000,2.0797
132.5500,2.0669
132.6000,2.0567
132.6500,2.0463
132.7000,2.0223
132.7500,1.9945
132.8000,1.9661
132.8500,1.9253
132.9000,1.8871
132.9500,1.8665
133.0000,1.7897
133.0500,1.7658
133.1000,1.7077
133.1500,1.6534
133.2000,1.6282
133.2500,1.5895
133.3000,1.5184
133.3500,1.4454
133.4000,1.4138
133.4500,1.2943
133.5000,1.2237
133.5500,1.2022
133.6000,1.1252
133.6500,1.0608
133.7000,1.0186
133.7500,0.9103
133.8000,0.8740
133.8500,0.8321
133.9000,0.7189
133.9500,0.6998
134.0000,0.6730
134.0500,0.6002
134.1000,0.5724
134.1500,0.5287
134.2000,0.4511
134.2500,0.4212
134.3000,0.3791
134.3500,0.3482
134.4000,0.3250
134.4500,0.2849
134.5000,0.2663
134.5500,0.2612
134.6000,0.2452
134.6500,0.2292
134.7000,0.1980
134.7500,0.1854
134.8000,0.1819
134.8500,0.1856
134.9000,0.1818
134.9500,0.2142
135.0000,0.2308
135.0500,0.2381
135.1000,0.2541
135.1500,0.2783
135.2000,0.3153
135.2500,0.3319
135.3000,0.3613
135.3500,0.4099
135.4000,0.4360
135.4500,0.4705
135.5000,0.5226
135.5500,0.5560
135.6000,0.5932
135.6500,0.6475
135.7000,0.6743
135.7500,0.6974
135.8000,0.7711
135.8500,0.8123
135.9000,0.8428
135.9500,0.8735
136.0000,0.9593
136.0500,0.9807
136.1000,1.0010
136.1500,1.0885
136.2000,1.1006
136.2500,1.1255
136.3000,1.1862
136.3500,1.2113
136.4000,1.2254
136.4500,1.2642
136.5000,1.2805
136.5500,1.3076
136.6000,1.3189
136.6500,1.3328
136.7000,1.3534
136.7500,1.3577
136.8000,1.3648
136.8500,1.3683
136.9000,1.3663
136.9500,1.3683
137.0000,1.3635
137.0500,1.3584
137.1000,1.3455
137.1500,1.3379
137.2000,1.3224
137.2500,1.3101
137.3000,1.2753
137.3500,1.2690
137.4000,1.2545
137.4500,1.2025
137.5000,1.1844
137.5500,1.1369
137.6000,1.1001
137.6500,1.0940
137.7000,1.0277
137.7500,1.0093
137.8000,0.9782
137.8500,0.9361
137.9000,0.8761
137.9500,0.8465
138.0000,0.8189
138.0500,0.7565
138.1000,0.7242
138.1500,0.6938
138.2000,0.6363
138.2500,0.6034
138.3000,0.5792
138.3500,0.5139
138.4000,0.4617
138.4500,0.4493
138.5000,0.3913
138.5500,0.3725
138.6000,0.3450
138.6500,0.3043
138.7000,0.2947
138.7500,0.2771
138.8000,0.2280
138.8500,0.2193
138.9000,0.2059
138.9500,0.1918
139.0000,0.1544
139.0500,0.1495
139.1000,0.1492
139.1500,0.1297
139.2000,0.1308
139.2500,0.1207
139.3000,0.1213
139.3500,0.1189
139.4000,0.1242
139.4500,0.1288
139.5000,0.1268
139.5500,0.1418
139.6000,0.1440
139.6500,0.1636
139.7000,0.1732
139.7500,0.1950
139.8000,0.2095
139.8500,0.2334
139.9000,0.2562
139.9500,0.2590
140.0000,0.2757
140.0500,0.3039
140.1000,0.3176
140.1500,0.3418
140.2000,0.3650
140.2500,0.3804
140.3000,0.4226
140.3500,0.4372
140.4000,0.4522
140.4500,0.4726
140.5000,0.4915
140.5500,0.5191
140.6000,0.5403
140.6500,0.5470
140.7000,0.5715
140.7500,0.5801
140.8000,0.6027
140.8500,0.6186
140.9000,0.6326
140.9500,0.6437
141.0000,0.6572
141.0500,0.6669
141.1000,0.6759
141.1500,0.6860
141.2000,0.6915
141.2500,0.6946
141.3000,0.6929
141.3500,0.6956
141.4000,0.6979
141.4500,0.6902
141.5000,0.6907
141.5500,0.6897
141.6000,0.6746
141.6500,0.6660
141.7000,0.6642
141.7500,0.6430
141.8000,0.6389
141.8500,0.6384
141.9000,0.6104
141.9500,0.5928
142.0000,0.5852
142.0500,0.5528
142.1000,0.5355
142.1500,0.5249
142.2000,0.5055
142.2500,0.4921
142.3000,0.4765
142.3500,0.4581
142.4000,0.4303
142.4500,0.4165
142.5000,0.3958
142.5500,0.3651
142.6000,0.3490
142.6500,0.3477
142.7000,0.3016
142.7500,0.2975
142.8000,0.2838
142.8500,0.2673
142.9000,0.2400
142.9500,0.2249
143.0000,0.2227
143.0500,0.1981
143.1000,0.1708
143.1500,0.1716
143.2000,0.1509
143.2500,0.1266
143.3000,0.1145
143.3500,0.1191
143.4000,0.1016
143.4500,0.1019
143.5000,0.0922
143.5500,0.0874
143.6000,0.0840
143.6500,0.0758
143.7000,0.0801
143.7500,0.0692
143.8000,0.0747
143.8500,0.0696
143.9000,0.0751
143.9500,0.0699
144.0000,0.0723
144.0500,0.0762
144.1000,0.0776
144.1500,0.0814
144.2000,0.0771
144.2500,0.0847
144.3000,0.0974
144.3500,0.1061
144.4000,0.1062
144.4500,0.1114
144.5000,0.1120
144.5500,0.1257
144.6000,0.1417
144.6500,0.1385
144.7000,0.1537
144.7500,0.1523
144.8000,0.1684
144.8500,0.1687
144.9000,0.1740
144.9500,0.1831
145.0000,0.1854
145.0500,0.1955
145.1000,0.1993
145.1500,0.2077
145.2000,0.2125
145.2500,0.2099
145.3000,0.2219
145.3500,0.2177
145.4000,0.2229
145.4500,0.2285
145.5000,0.2284
145.5500,0.2340
145.6000,0.2309
145.6500,0.2373
145.7000,0.2326
145.7500,0.2334
145.8000,0.2374
145.8500,0.2314
145.9000,0.2343
145.9500,0.2263
146.0000,0.2283
146.0500,0.2211
146.1000,0.2190
146.1500,0.2202
146.2000,0.2100
146.2500,0.2125
146.3000,0.2077
146.3500,0.2021
146.4000,0.1983
146.4500,0.1878
146.5000,0.1853
146.5500,0.1765
146.6000,0.1743
146.6500,0.1734
146.7000,0.1544
146.7500,0.1589
146.8000,0.1506
146.8500,0.1448
146.9000,0.1362
146.9500,0.1341
147.0000,0.1339
147.0500,0.1250
147.1000,0.1203
147.1500,0.1120
147.2000,0.1077
147.2500,0.0996
147.3000,0.1000
147.3500,0.0976
147.4000,0.0900
147.4500,0.0845
147.5000,0.0757
147.5500,0.0759
147.6000,0.0683
147.6500,0.0737
147.7000,0.0657
147.7500,0.0666
147.8000,0.0578
147.8500,0.0594
147.9000,0.0589
147.9500,0.0557
148.0000,0.0517
148.0500,0.0482
148.1000,0.0522
148.1500,0.0469
148.2000,0.0498
148.2500,0.0424
148.3000,0.0476
148.3500,0.0413
148.4000,0.0470
148.4500,0.0438
148.5000,0.0478
148.5500,0.0427
148.6000,0.0433
148.6500,0.0480
148.7000,0.0458
148.7500,0.0481
148.8000,0.0422
148.8500,0.0481
148.9000,0.0441
148.9500,0.0510
149.0000,0.0462
149.0500,0.0526
149.1000,0.0464
149.1500,0.0511
149.2000,0.0523
149.2500,0.0539
149.3000,0.0517
149.3500,0.0499
149.4000,0.0562
149.4500,0.0528
149.5000,0.0564
149.5500,0.0499
149.6000,0.0555
149.6500,0.0512
149.7000,0.0579
149.7500,0.0530
149.8000,0.0582
149.8500,0.0513
149.9000,0.0558
149.9500,0.0560
150.0000,0.0573
150.0500,0.0533
150.1000,0.0524
150.1500,0.0575
150.2000,0.0538
150.2500,0.0556
150.3000,0.0495
150.3500,0.0527
150.4000,0.0494
150.4500,0.0553
150.5000,0.0494
150.5500,0.0544
150.6000,0.0471
150.6500,0.0512
150.7000,0.0509
150.7500,0.0506
150.8000,0.0480
150.8500,0.0461
150.9000,0.0451
150.9500,0.0460
151.0000,0.0500
151.0500,0.0427
151.1000,0.0481
151.1500,0.0421
151.2000,0.0477
151.2500,0.0446
151.3000,0.0483
151.3500,0.0423
151.4000,0.0434
151.4500,0.0469
151.5000,0.0434
151.5500,0.0452
151.6000,0.0390
151.6500,0.0428
151.7000,0.0390
151.7500,0.0455
151.8000,0.0395
151.8500,0.0446
151.9000,0.0382
151.9500,0.0423
152.0000,0.0433
152.0500,0.0429
152.1000,0.0411
152.1500,0.0383
152.2000,0.0391
152.2500,0.0392
152.3000,0.0437
152.3500,0.0373
152.4000,0.0427
152.4500,0.0367
152.5000,0.0431
152.5500,0.0402
152.6000,0.0435
152.6500,0.0389
152.7000,0.0395
152.7500,0.0367
152.8000,0.0415
152.8500,0.0428
152.9000,0.0376
152.9500,0.0411
153.0000,0.0383
153.0500,0.0451
153.1000,0.0389
153.1500,0.0450
153.2000,0.0387
153.2500,0.0432
153.3000,0.0393
153.3500,0.0450
153.4000,0.0437
153.4500,0.0411
153.5000,0.0424
153.5500,0.0433
153.6000,0.0481
153.6500,0.0423
153.7000,0.0485
153.7500,0.0434
153.8000,0.0489
153.8500,0.0475
153.9000,0.0518
153.9500,0.0475
154.0000,0.0497
154.0500,0.0481
154.1000,0.0555
154.1500,0.0559
154.2000,0.0512
154.2500,0.0553
154.3000,0.0549
154.3500,0.0606
154.4000,0.0543
154.4500,0.0607
154.5000,0.0571
154.5500,0.0643
154.6000,0.0600
154.6500,0.0668
154.7000,0.0603
154.7500,0.0655
154.8000,0.0617
154.8500,0.0689
154.9000,0.0652
154.9500,0.0658
155.0000,0.0645
155.0500,0.0686
155.1000,0.0703
155.1500,0.0647
155.2000,0.0689
155.2500,0.0657
155.3000,0.0727
155.3500,0.0661
155.4000,0.0718
155.4500,0.0645
155.5000,0.0695
155.5500,0.0637
155.6000,0.0701
155.6500,0.0664
155.7000,0.0643
155.7500,0.0631
155.8000,0.0653
155.8500,0.0674
155.9000,0.0596
155.9500,0.0626
156.0000,0.0585
156.0500,0.0642
156.1000,0.0584
156.1500,0.0611
156.2000,0.0534
156.2500,0.0588
156.3000,0.0524
156.3500,0.0577
156.4000,0.0513
156.4500,0.0530
156.5000,0.0475
156.5500,0.0520
156.6000,0.0505
156.6500,0.0459
156.7000,0.0470
156.7500,0.0447
156.8000,0.0502
156.8500,0.0458
156.9000,0.0486
156.9500,0.0418
157.0000,0.0466
157.0500,0.0415
157.1000,0.0479
157.1500,0.0444
157.2000,0.0435
157.2500,0.0440
157.3000,0.0465
157.3500,0.0506
157.4000,0.0510
157.4500,0.0514
157.5000,0.0481
157.5500,0.0559
157.6000,0.0536
157.6500,0.0596
157.7000,0.0541
157.7500,0.0617
157.8000,0.0594
157.8500,0.0677
157.9000,0.0647
157.9500,0.0682
158.0000,0.0704
158.0500,0.0753
158.1000,0.0826
158.1500,0.0828
158.2000,0.0876
158.2500,0.0828
158.3000,0.0911
158.3500,0.0914
158.4000,0.0994
158.4500,0.1018
158.5000,0.1074
158.5500,0.1076
158.6000,0.1071
158.6500,0.1153
158.7000,0.1135
158.7500,0.1221
158.8000,0.1187
158.8500,0.1221
158.9000,0.1248
158.9500,0.1304
159.0000,0.1343
159.0500,0.1383
159.1000,0.1377
159.1500,0.1350
159.2000,0.1434
159.2500,0.1391
159.3000,0.1466
159.3500,0.1421
159.4000,0.1428
159.4500,0.1427
159.5000,0.1445
159.5500,0.1486
159.6000,0.1451
159.6500,0.1476
159.7000,0.1402
159.7500,0.1443
159.8000,0.1384
159.8500,0.1424
159.9000,0.1400
159.9500,0.1394
160.0000,0.1342
160.0500,0.1310
160.1000,0.1358
160.1500,0.1263
160.2000,0.1269
160.2500,0.1183
160.3000,0.1228
160.3500,0.1093
160.4000,0.1147
160.4500,0.1118
160.5000,0.1049
160.5500,0.1024
160.6000,0.0963
160.6500,0.1004
160.7000,0.0890
160.7500,0.0925
160.8000,0.0858
160.8500,0.0837
160.9000,0.0770
160.9500,0.0743
161.0000,0.0785
161.0500,0.0693
161.1000,0.0693
161.1500,0.0586
161.2000,0.0622
161.2500,0.0489
161.3000,0.0552
161.3500,0.0508
161.4000,0.0553
161.4500,0.0491
161.5000,0.0524
161.5500,0.0540
161.6000,0.0531
161.6500,0.0515
161.7000,0.0491
161.7500,0.0549
161.8000,0.0540
161.8500,0.0582
161.9000,0.0523
161.9500,0.0590
162.0000,0.0560
162.0500,0.0645
162.1000,0.0597
162.1500,0.0718
162.2000,0.0670
162.2500,0.0783
162.3000,0.0799
162.3500,0.0840
162.4000,0.0898
162.4500,0.0921
162.5000,0.1012
162.5500,0.1003
162.6000,0.1097
162.6500,0.1127
162.7000,0.1208
162.7500,0.1199
162.8000,0.1227
162.8500,0.1314
162.9000,0.1353
162.9500,0.1426
163.0000,0.1408
163.0500,0.1543
163.1000,0.1486
163.1500,0.1570
163.2000,0.1598
163.2500,0.1642
163.3000,0.1687
163.3500,0.1667
163.4000,0.1805
163.4500,0.1786
163.5000,0.1798
163.5500,0.1841
163.6000,0.1828
163.6500,0.1893
163.7000,0.1909
163.7500,0.1951
163.8000,0.1963
163.8500,0.1904
163.9000,0.1975
163.9500,0.1921
164.0000,0.1933
164.0500,0.1934
164.1000,0.1893
164.1500,0.1935
164.2000,0.1915
164.2500,0.1868
164.3000,0.1875
164.3500,0.1802
164.4000,0.1825
164.4500,0.1737
164.5000,0.1715
164.5500,0.1662
164.6000,0.1622
164.6500,0.1643
164.7000,0.1548
164.7500,0.1529
164.8000,0.1465
164.8500,0.1404
164.9000,0.1316
164.9500,0.1290
165.0000,0.1304
165.0500,0.1198
165.1000,0.1174
165.1500,0.1074
165.2000,0.1082
165.2500,0.1051
165.3000,0.0969
165.3500,0.0948
165.4000,0.0864
165.4500,0.0849
165.5000,0.0766
165.5500,0.0799
165.6000,0.0737
165.6500,0.0709
165.7000,0.0633
165.7500,0.0625
165.8000,0.0577
165.8500,0.0597
165.9000,0.0581
165.9500,0.0529
166.0000,0.0533
166.0500,0.0516
166.1000,0.0564
166.1500,0.0498
166.2000,0.0557
166.2500,0.0498
166.3000,0.0573
166.3500,0.0550
166.4000,0.0615
166.4500,0.0566
166.5000,0.0610
166.5500,0.0616
166.6000,0.0695
166.6500,0.0700
166.7000,0.0697
166.7500,0.0748
166.8000,0.0760
166.8500,0.0871
166.9000,0.0846
166.9500,0.0956
167.0000,0.0930
167.0500,0.1002
167.1000,0.1010
167.1500,0.1096
167.2000,0.1177
167.2500,0.1148
167.3000,0.1259
167.3500,0.1257
167.4000,0.1347
167.4500,0.1339
167.5000,0.1461
167.5500,0.1436
167.6000,0.1472
167.6500,0.1501
167.7000,0.1540
167.7500,0.1672
167.8000,0.1618
167.8500,0.1713
167.9000,0.1696
167.9500,0.1708
168.0000,0.1761
168.0500,0.1749
168.1000,0.1803
168.1500,0.1772
168.2000,0.1819
168.2500,0.1844
168.3000,0.1787
168.3500,0.1853
168.4000,0.1799
168.4500,0.1799
168.5000,0.1744
168.5500,0.1634
168.6000,0.1711
168.6500,0.1667
168.7000,0.1703
168.7500,0.1716
168.8000,0.1656
168.8500,0.1690
168.9000,0.1582
168.9500,0.1578
169.0000,0.1484
169.0500,0.1477
169.1000,0.1496
169.1500,0.1416
169.2000,0.1379
169.2500,0.1278
169.3000,0.1310
169.3500,0.1202
169.4000,0.1213
169.4500,0.1161
169.5000,0.1112
169.5500,0.1070
169.6000,0.1019
169.6500,0.1050
169.7000,0.0704
169.7500,0.0813
169.8000,0.0747
169.8500,0.0746
169.9000,0.0739
169.9500,0.0757
170.0000,0.0782
170.0500,0.0681
170.1000,0.0668
170.1500,0.0603
170.2000,0.0654
170.2500,0.0563
170.3000,0.0609
170.3500,0.0525
170.4000,0.0539
170.4500,0.0476
170.5000,0.0531
170.5500,0.0504
170.6000,0.0476
170.6500,0.0468
170.7000,0.0481
170.7500,0.0520
170.8000,0.0507
170.8500,0.0520
170.9000,0.0479
170.9500,0.0546
171.0000,0.0501
171.0500,0.0574
171.1000,0.0511
171.1500,0.0566
171.2000,0.0546
171.2500,0.0627
171.3000,0.0648
171.3500,0.0634
171.4000,0.0666
171.4500,0.0715
171.5000,0.0754
171.5500,0.0776
171.6000,0.0786
171.6500,0.0747
171.7000,0.0842
171.7500,0.0812
171.8000,0.0920
171.8500,0.0904
171.9000,0.0943
171.9500,0.0952
172.0000,0.0954
172.0500,0.1015
172.1000,0.1016
172.1500,0.1077
172.2000,0.1044
172.2500,0.1056
172.3000,0.1069
172.3500,0.1082
172.4000,0.1127
172.4500,0.1111
172.5000,0.1165
172.5500,0.1105
172.6000,0.1147
172.6500,0.1112
172.7000,0.1161
172.7500,0.1158
172.8000,0.1167
172.8500,0.1155
172.9000,0.1113
172.9500,0.1172
173.0000,0.1100
173.0500,0.1154
173.1000,0.1099
173.1500,0.1123
173.2000,0.1061
173.2500,0.1054
173.3000,0.1100
173.3500,0.1025
173.4000,0.1064
173.4500,0.0931
173.5000,0.0951
173.5500,0.0927
173.6000,0.0940
173.6500,0.0965
173.7000,0.0893
173.7500,0.0871
173.8000,0.0807
173.8500,0.0844
173.9000,0.0754
173.9500,0.0796
174.0000,0.0775
174.0500,0.0762
174.1000,0.0725
174.1500,0.0672
174.2000,0.0682
174.2500,0.0626
174.3000,0.0658
174.3500,0.0578
174.4000,0.0616
174.4500,0.0539
174.5000,0.0591
174.5500,0.0523
174.6000,0.0554
174.6500,0.0477
174.7000,0.0508
174.7500,0.0510
174.8000,0.0493
174.8500,0.0473
174.9000,0.0436
174.9500,0.0496
175.0000,0.0434
175.0500,0.0480
175.1000,0.0406
175.1500,0.0460
175.2000,0.0399
175.2500,0.0454
175.3000,0.0434
175.3500,0.0469
175.4000,0.0421
175.4500,0.0423
175.5000,0.0474
175.5500,0.0442
175.6000,0.0473
175.6500,0.0412
175.7000,0.0466
175.7500,0.0430
175.8000,0.0496
175.8500,0.0456
175.9000,0.0516
175.9500,0.0452
176.0000,0.0489
176.0500,0.0520
176.1000,0.0526
176.1500,0.0515
176.2000,0.0490
176.2500,0.0557
176.3000,0.0518
176.3500,0.0567
176.4000,0.0507
176.4500,0.0566
176.5000,0.0520
176.5500,0.0588
176.6000,0.0547
176.6500,0.0601
176.7000,0.0538
176.7500,0.0594
176.8000,0.0590
176.8500,0.0613
176.9000,0.0569
176.9500,0.0577
177.0000,0.0618
177.0500,0.0601
177.1000,0.0600
177.1500,0.0560
177.2000,0.0576
177.2500,0.0574
177.3000,0.0618
177.3500,0.0548
177.4000,0.0593
177.4500,0.0541
177.5000,0.0612
177.5500,0.0559
177.6000,0.0599
177.6500,0.0533
177.7000,0.0577
177.7500,0.0567
177.8000,0.0578
177.8500,0.0538
177.9000,0.0525
177.9500,0.0573
178.0000,0.0537
178.0500,0.0547
178.1000,0.0482
178.1500,0.0518
178.2000,0.0476
178.2500,0.0531
178.3000,0.0478
178.3500,0.0521
178.4000,0.0455
178.4500,0.0493
178.5000,0.0489
178.5500,0.0491
178.6000,0.0461
178.6500,0.0435
178.7000,0.0433
178.7500,0.0439
178.8000,0.0480
178.8500,0.0412
178.9000,0.0458
178.9500,0.0401
179.0000,0.0460
179.0500,0.0425
179.1000,0.0465
179.1500,0.0402
179.2000,0.0414
179.2500,0.0385
179.3000,0.0429
179.3500,0.0439
179.4000,0.0378
179.4500,0.0409
179.5000,0.0385
179.5500,0.0446
179.6000,0.0385
179.6500,0.0441
179.7000,0.0371
179.7500,0.0420
179.8000,0.0373
179.8500,0.0433
179.9000,0.0405
179.9500,0.0386
180.0000,0.0382
180.0500,0.0401
180.1000,0.0437
180.1500,0.0368
180.2000,0.0417
180.2500,0.0372
180.3000,0.0436
180.3500,0.0393
180.4000,0.0442
180.4500,0.0382
180.5000,0.0405
180.5500,0.0370
180.6000,0.0418
180.6500,0.0420
180.7000,0.0373
180.7500,0.0399
180.8000,0.0386
180.8500,0.0440
180.9000,0.0376
180.9500,0.0437
181.0000,0.0369
181.0500,0.0422
181.1000,0.0377
181.1500,0.0440
181.2000,0.0387
181.2500,0.0392
181.3000,0.0376
181.3500,0.0409
181.4000,0.0428
181.4500,0.0371
181.5000,0.0407
181.5500,0.0377
181.6000,0.0441
181.6500,0.0381
181.7000,0.0435
181.7500,0.0366
181.8000,0.0418
181.8500,0.0367
181.9000,0.0432
181.9500,0.0393
182.0000,0.0382
182.0500,0.0373
182.1000,0.0399
182.1500,0.0425
182.2000,0.0362
182.2500,0.0406
182.3000,0.0369
182.3500,0.0429
182.4000,0.0387
182.4500,0.0430
182.5000,0.0361
182.5500,0.0413
182.6000,0.0360
182.6500,0.0423
182.7000,0.0384
182.7500,0.0375
182.8000,0.0364
182.8500,0.0393
182.9000,0.0417
182.9500,0.0356
183.0000,0.0397
183.0500,0.0364
183.1000,0.0428
183.1500,0.0380
183.2000,0.0426
183.2500,0.0360
183.3000,0.0406
183.3500,0.0358
183.4000,0.0425
183.4500,0.0378
183.5000,0.0383
183.5500,0.0363
183.6000,0.0399
183.6500,0.0413
183.7000,0.0420
183.7500,0.0400
183.8000,0.0372
183.8500,0.0433
183.9000,0.0389
183.9500,0.0435
184.0000,0.0369
184.0500,0.0417
184.1000,0.0376
184.1500,0.0438
184.2000,0.0398
184.2500,0.0396
184.3000,0.0391
184.3500,0.0420
184.4000,0.0448
184.4500,0.0437
184.5000,0.0446
184.5500,0.0396
184.6000,0.0465
184.6500,0.0417
184.7000,0.0476
184.7500,0.0418
184.8000,0.0448
184.8500,0.0419
184.9000,0.0470
184.9500,0.0472
185.0000,0.0494
185.0500,0.0466
185.1000,0.0453
185.1500,0.0513
185.2000,0.0481
185.2500,0.0518
185.3000,0.0452
185.3500,0.0518
185.4000,0.0471
185.4500,0.0540
185.5000,0.0498
185.5500,0.0498
185.6000,0.0490
185.6500,0.0532
185.7000,0.0549
185.7500,0.0562
185.8000,0.0540
185.8500,0.0518
185.9000,0.0579
185.9500,0.0546
186.0000,0.0577
186.0500,0.0515
186.1000,0.0578
186.1500,0.0530
186.2000,0.0592
186.2500,0.0537
186.3000,0.0559
186.3500,0.0524
186.4000,0.0584
186.4500,0.0562
186.5000,0.0593
186.5500,0.0544
186.6000,0.0555
186.6500,0.0583
186.7000,0.0568
186.7500,0.0558
186.8000,0.0519
186.8500,0.0584
186.9000,0.0528
186.9500,0.0569
187.0000,0.0499
187.0500,0.0550
187.1000,0.0490
187.1500,0.0546
187.2000,0.0503
187.2500,0.0539
187.3000,0.0474
187.3500,0.0502
187.4000,0.0517
187.4500,0.0498
187.5000,0.0489
187.5500,0.0448
187.6000,0.0501
187.6500,0.0436
187.7000,0.0494
187.7500,0.0423
187.8000,0.0474
187.8500,0.0405
187.9000,0.0453
187.9500,0.0444
188.0000,0.0455
188.0500,0.0418
188.1000,0.0403
188.1500,0.0460
188.2000,0.0405
188.2500,0.0445
188.3000,0.0380
188.3500,0.0434
188.4000,0.0381
188.4500,0.0444
188.5000,0.0407
188.5500,0.0455
188.6000,0.0395
188.6500,0.0421
188.7000,0.0454
188.7500,0.0448
188.8000,0.0458
188.8500,0.0409
188.9000,0.0476
188.9500,0.0435
189.0000,0.0499
189.0500,0.0453
189.1000,0.0536
189.1500,0.0479
189.2000,0.0530
189.2500,0.0536
189.3000,0.0569
189.3500,0.0535
189.4000,0.0539
189.4500,0.0595
189.5000,0.0588
189.5500,0.0616
189.6000,0.0581
189.6500,0.0652
189.7000,0.0621
189.7500,0.0684
189.8000,0.0623
189.8500,0.0699
189.9000,0.0650
189.9500,0.0748
190.0000,0.0733
190.0500,0.0776
190.1000,0.0734
190.1500,0.0728
190.2000,0.0788
190.2500,0.0753
190.3000,0.0817
190.3500,0.0755
190.4000,0.0829
190.4500,0.0770
190.5000,0.0817
190.5500,0.0841
190.6000,0.0831
190.6500,0.0839
190.7000,0.0789
190.7500,0.0838
190.8000,0.0797
190.8500,0.0857
190.9000,0.0821
190.9500,0.0854
191.0000,0.0813
191.0500,0.0797
191.1000,0.0795
191.1500,0.0784
191.2000,0.0831
191.2500,0.0763
191.3000,0.0808
191.3500,0.0735
191.4000,0.0755
191.4500,0.0776
191.5000,0.0744
191.5500,0.0752
191.6000,0.0688
191.6500,0.0730
191.7000,0.0649
191.7500,0.0697
191.8000,0.0645
191.8500,0.0677
191.9000,0.0612
191.9500,0.0630
192.0000,0.0626
192.0500,0.0630
192.1000,0.0578
192.1500,0.0563
192.2000,0.0608
192.2500,0.0525
192.3000,0.0540
192.3500,0.0479
192.4000,0.0495
192.4500,0.0464
192.5000,0.0520
192.5500,0.0459
192.6000,0.0485
192.6500,0.0414
192.7000,0.0452
192.7500,0.0464
192.8000,0.0451
192.8500,0.0437
192.9000,0.0401
192.9500,0.0415
193.0000,0.0413
193.0500,0.0465
193.1000,0.0401
193.1500,0.0461
193.2000,0.0402
193.2500,0.0458
193.3000,0.0458
193.3500,0.0482
193.4000,0.0462
193.4500,0.0461
193.5000,0.0468
193.5500,0.0494
193.6000,0.0537
193.6500,0.0479
193.7000,0.0555
193.7500,0.0517
193.8000,0.0595
193.8500,0.0546
193.9000,0.0637
193.9500,0.0576
194.0000,0.0655
194.0500,0.0654
194.1000,0.0688
194.1500,0.0641
194.2000,0.0682
194.2500,0.0673
194.3000,0.0724
194.3500,0.0752
194.4000,0.0708
194.4500,0.0786
194.5000,0.0737
194.5500,0.0821
194.6000,0.0796
194.6500,0.0852
194.7000,0.0815
194.7500,0.0804
194.8000,0.0833
194.8500,0.0829
194.9000,0.0891
194.9500,0.0841
195.0000,0.0905
195.0500,0.0856
195.1000,0.0866
195.1500,0.0858
195.2000,0.0869
195.2500,0.0913
195.3000,0.0846
195.3500,0.0908
195.4000,0.0840
195.4500,0.0871
195.5000,0.0829
195.5500,0.0858
195.6000,0.0881
195.6500,0.0811
195.7000,0.0861
195.7500,0.0791
195.8000,0.0840
195.8500,0.0828
195.9000,0.0813
195.9500,0.0795
196.0000,0.0741
196.0500,0.0746
196.1000,0.0711
196.1500,0.0766
196.2000,0.0695
196.2500,0.0707
196.3000,0.0632
196.3500,0.0659
196.4000,0.0601
196.4500,0.0647
196.5000,0.0619
196.5500,0.0588
196.6000,0.0569
196.6500,0.0576
196.7000,0.0594
196.7500,0.0517
196.8000,0.0543
196.8500,0.0487
196.9000,0.0544
196.9500,0.0481
197.0000,0.0516
197.0500,0.0442
197.1000,0.0475
197.1500,0.0418
197.2000,0.0465
197.2500,0.0455
197.3000,0.0412
197.3500,0.0424
197.4000,0.0410
197.4500,0.0459
197.5000,0.0395
197.5500,0.0456
197.6000,0.0386
197.6500,0.0442
197.7000,0.0395
197.7500,0.0462
197.8000,0.0431
197.8500,0.0422
197.9000,0.0429
197.9500,0.0449
198.0000,0.0487
198.0500,0.0427
198.1000,0.0502
198.1500,0.0451
198.2000,0.0517
198.2500,0.0495
198.3000,0.0545
198.3500,0.0495
198.4000,0.0534
198.4500,0.0507
198.5000,0.0585
198.5500,0.0574
198.6000,0.0543
198.6500,0.0576
198.7000,0.0609
198.7500,0.0675
198.8000,0.0607
198.8500,0.0671
198.9000,0.0629
198.9500,0.0703
199.0000,0.0659
199.0500,0.0724
199.1000,0.0670
199.1500,0.0713
199.2000,0.0681
199.2500,0.0744
199.3000,0.0745
199.3500,0.0698
199.4000,0.0738
199.4500,0.0718
199.5000,0.0783
199.5500,0.0746
199.6000,0.0795
199.6500,0.0742
199.7000,0.0744
199.7500,0.0738
199.8000,0.0756
199.8500,0.0792
199.9000,0.0723
199.9500,0.0781
200.0000,0.0711
200.0500,0.0751
200.1000,0.0698
200.1500,0.0760
200.2000,0.0723
200.2500,0.0686
200.3000,0.0694
200.3500,0.0686
200.4000,0.0730
200.4500,0.0654
200.5000,0.0696
200.5500,0.0620
200.6000,0.0667
200.6500,0.0608
200.7000,0.0671
200.7500,0.0604
200.8000,0.0570
200.8500,0.0543
200.9000,0.0589
200.9500,0.0574
201.0000,0.0520
201.0500,0.0532
201.1000,0.0517
201.1500,0.0560
201.2000,0.0491
201.2500,0.0538
201.3000,0.0457
201.3500,0.0510
201.4000,0.0438
201.4500,0.0496
201.5000,0.0451
201.5500,0.0441
201.6000,0.0429
201.6500,0.0443
201.7000,0.0473
201.7500,0.0408
201.8000,0.0451
201.8500,0.0381
201.9000,0.0445
201.9500,0.0389
202.0000,0.0446
202.0500,0.0383
202.1000,0.0407
202.1500,0.0374
202.2000,0.0425
202.2500,0.0425
202.3000,0.0378
202.3500,0.0405
202.4000,0.0388
202.4500,0.0450
202.5000,0.0391
202.5500,0.0459
202.6000,0.0389
202.6500,0.0438
202.7000,0.0402
202.7500,0.0464
202.8000,0.0444
202.8500,0.0417
202.9000,0.0437
202.9500,0.0444
203.0000,0.0499
203.0500,0.0434
203.1000,0.0501
203.1500,0.0442
203.2000,0.0499
203.2500,0.0461
203.3000,0.0526
203.3500,0.0482
203.4000,0.0487
203.4500,0.0473
203.5000,0.0528
203.5500,0.0538
203.6000,0.0487
203.6500,0.0521
203.7000,0.0499
203.7500,0.0559
203.8000,0.0503
203.8500,0.0561
203.9000,0.0493
203.9500,0.0550
204.0000,0.0501
204.0500,0.0565
204.1000,0.0523
204.1500,0.0524
204.2000,0.0506
204.2500,0.0543
204.3000,0.0558
204.3500,0.0499
204.4000,0.0538
204.4500,0.0507
204.5000,0.0564
204.5500,0.0516
204.6000,0.0559
204.6500,0.0488
204.7000,0.0539
204.7500,0.0485
204.8000,0.0539
204.8500,0.0500
204.9000,0.0488
204.9500,0.0471
205.0000,0.0500
205.0500,0.0521
205.1000,0.0454
205.1500,0.0497
205.2000,0.0451
205.2500,0.0510
205.3000,0.0451
205.3500,0.0506
205.4000,0.0438
205.4500,0.0468
205.5000,0.0418
205.5500,0.0465
205.6000,0.0463
205.6500,0.0421
205.7000,0.0435
205.7500,0.0418
205.8000,0.0471
205.8500,0.0425
205.9000,0.0460
205.9500,0.0391
206.0000,0.0437
206.0500,0.0383
206.1000,0.0445
206.1500,0.0414
206.2000,0.0392
206.2500,0.0391
206.3000,0.0399
206.3500,0.0437
206.4000,0.0369
206.4500,0.0422
206.5000,0.0365
206.5500,0.0430
206.6000,0.0375
206.6500,0.0434
206.7000,0.0369
206.7500,0.0395
206.8000,0.0359
206.8500,0.0402
206.9000,0.0406
206.9500,0.0363
207.0000,0.0378
207.0500,0.0371
207.1000,0.0425
207.1500,0.0392
207.2000,0.0418
207.2500,0.0359
207.3000,0.0414
207.3500,0.0359
207.4000,0.0427
207.4500,0.0376
207.5000,0.0385
207.5500,0.0366
207.6000,0.0401
207.6500,0.0414
207.7000,0.0359
207.7500,0.0394
207.8000,0.0371
207.8500,0.0428
207.9000,0.0390
207.9500,0.0427
208.0000,0.0360
208.0500,0.0414
208.1000,0.0365
208.1500,0.0428
208.2000,0.0385
208.2500,0.0382
208.3000,0.0372
208.3500,0.0399
208.4000,0.0427
208.4500,0.0415
208.5000,0.0408
208.5500,0.0367
208.6000,0.0436
208.6500,0.0379
208.7000,0.0434
208.7500,0.0370
208.8000,0.0403
208.8500,0.0365
208.9000,0.0420
208.9500,0.0406
209.0000,0.0371
209.0500,0.0386
209.1000,0.0383
209.1500,0.0434
209.2000,0.0403
209.2500,0.0421
209.3000,0.0365
209.3500,0.0425
209.4000,0.0374
209.4500,0.0436
209.5000,0.0378
209.5500,0.0393
209.6000,0.0365
209.6500,0.0406
209.7000,0.0416
209.7500,0.0423
209.8000,0.0401
209.8500,0.0374
209.9000,0.0436
209.9500,0.0390
210.0000,0.0430
210.0500,0.0368
210.1000,0.0411
210.1500,0.0361
210.2000,0.0425
210.2500,0.0396
210.3000,0.0376
210.3500,0.0378
210.4000,0.0394
210.4500,0.0431
210.5000,0.0412
210.5500,0.0415
210.6000,0.0368
210.6500,0.0434
210.7000,0.0373
210.7500,0.0438
210.8000,0.0381
210.8500,0.0396
210.9000,0.0369
210.9500,0.0414
211.0000,0.0417
211.0500,0.0429
211.1000,0.0399
211.1500,0.0381
211.2000,0.0443
211.2500,0.0392
211.3000,0.0441
211.3500,0.0370
211.4000,0.0415
211.4500,0.0378
211.5000,0.0432
211.5500,0.0416
211.6000,0.0448
211.6500,0.0403
211.7000,0.0398
211.7500,0.0449
211.8000,0.0420
211.8500,0.0444
211.9000,0.0381
211.9500,0.0437
212.0000,0.0390
212.0500,0.0454
212.1000,0.0405
212.1500,0.0458
212.2000,0.0396
212.2500,0.0423
212.3000,0.0448
212.3500,0.0438
212.4000,0.0439
212.4500,0.0393
212.5000,0.0460
212.5500,0.0402
212.6000,0.0466
212.6500,0.0401
212.7000,0.0425
212.7500,0.0393
212.8000,0.0440
212.8500,0.0444
212.9000,0.0449
212.9500,0.0428
213.0000,0.0400
213.0500,0.0464
213.1000,0.0417
213.1500,0.0458
213.2000,0.0391
213.2500,0.0435
213.3000,0.0388
213.3500,0.0445
213.4000,0.0426
213.4500,0.0456
213.5000,0.0407
213.5500,0.0406
213.6000,0.0456
213.6500,0.0415
213.7000,0.0445
213.7500,0.0382
213.8000,0.0436
213.8500,0.0380
213.9000,0.0445
213.9500,0.0396
214.0000,0.0446
214.0500,0.0378
214.1000,0.0407
214.1500,0.0434
214.2000,0.0421
214.2500,0.0415
214.3000,0.0371
214.3500,0.0433
214.4000,0.0383
214.4500,0.0432
214.5000,0.0370
214.5500,0.0428
214.6000,0.0360
214.6500,0.0418
214.7000,0.0397
214.7500,0.0429
214.8000,0.0383
214.8500,0.0385
214.9000,0.0426
214.9500,0.0400
215.0000,0.0418
215.0500,0.0360
215.1000,0.0426
215.1500,0.0370
215.2000,0.0437
215.2500,0.0382
215.3000,0.0439
215.3500,0.0374
215.4000,0.0417
215.4500,0.0429
215.5000,0.0439
215.5500,0.0423
215.6000,0.0394
215.6500,0.0459
215.7000,0.0412
215.7500,0.0465
215.8000,0.0395
215.8500,0.0467
215.9000,0.0405
215.9500,0.0465
216.0000,0.0454
216.0500,0.0477
216.1000,0.0447
216.1500,0.0438
216.2000,0.0499
216.2500,0.0472
216.3000,0.0507
216.3500,0.0441
216.4000,0.0503
216.4500,0.0460
216.5000,0.0522
216.5500,0.0490
216.6000,0.0540
216.6500,0.0486
216.7000,0.0529
216.7500,0.0552
216.8000,0.0548
216.8500,0.0545
216.9000,0.0512
216.9500,0.0575
217.0000,0.0540
217.0500,0.0576
217.1000,0.0513
217.1500,0.0567
217.2000,0.0520
217.2500,0.0583
217.3000,0.0546
217.3500,0.0595
217.4000,0.0527
217.4500,0.0577
217.5000,0.0575
217.5500,0.0592
217.6000,0.0553
217.6500,0.0543
217.7000,0.0596
217.7500,0.0568
217.8000,0.0576
217.8500,0.0511
217.9000,0.0539
217.9500,0.0519
218.0000,0.0577
218.0500,0.0508
218.1000,0.0558
218.1500,0.0495
218.2000,0.0553
218.2500,0.0527
218.3000,0.0546
218.3500,0.0497
218.4000,0.0492
218.4500,0.0534
218.5000,0.0503
218.5500,0.0512
218.6000,0.0451
218.6500,0.0488
218.7000,0.0445
218.7500,0.0492
218.8000,0.0437
218.8500,0.0492
218.9000,0.0420
218.9500,0.0445
219.0000,0.0473
219.0500,0.0453
219.1000,0.0448
219.1500,0.0402
219.2000,0.0418
219.2500,0.0405
219.3000,0.0452
219.3500,0.0386
219.4000,0.0444
219.4500,0.0377
219.5000,0.0426
219.5500,0.0424
219.6000,0.0441
219.6500,0.0398
219.7000,0.0391
219.7500,0.0384
219.8000,0.0409
219.8500,0.0443
219.9000,0.0379
219.9500,0.0443
220.0000,0.0396
220.0500,0.0459
220.1000,0.0425
220.1500,0.0480
220.2000,0.0421
220.2500,0.0450
220.3000,0.0484
220.3500,0.0475
220.4000,0.0488
220.4500,0.0439
220.5000,0.0482
220.5500,0.0471
220.6000,0.0538
220.6500,0.0481
220.7000,0.0553
220.7500,0.0496
220.8000,0.0546
220.8500,0.0543
220.9000,0.0573
220.9500,0.0538
221.0000,0.0544
221.0500,0.0553
221.1000,0.0595
221.1500,0.0601
221.2000,0.0553
221.2500,0.0617
221.3000,0.0618
221.3500,0.0672
221.4000,0.0603
221.4500,0.0658
221.5000,0.0620
221.5500,0.0690
221.6000,0.0651
221.6500,0.0709
221.7000,0.0649
221.7500,0.0685
221.8000,0.0647
221.8500,0.0706
221.9000,0.0701
221.9500,0.0655
222.0000,0.0683
222.0500,0.0664
222.1000,0.0724
222.1500,0.0654
222.2000,0.0707
222.2500,0.0642
222.3000,0.0693
222.3500,0.0680
222.4000,0.0703
222.4500,0.0649
222.5000,0.0650
222.5500,0.0616
222.6000,0.0648
222.6500,0.0658
222.7000,0.0591
222.7500,0.0611
222.8000,0.0587
222.8500,0.0636
222.9000,0.0565
222.9500,0.0613
223.0000,0.0548
223.0500,0.0609
223.1000,0.0563
223.1500,0.0582
223.2000,0.0485
223.2500,0.0518
223.3000,0.0476
223.3500,0.0534
223.4000,0.0511
223.4500,0.0462
223.5000,0.0477
223.5500,0.0466
223.6000,0.0516
223.6500,0.0434
223.7000,0.0489
223.7500,0.0418
223.8000,0.0471
223.8500,0.0406
223.9000,0.0468
223.9500,0.0414
224.0000,0.0412
224.0500,0.0396
224.1000,0.0421
224.1500,0.0443
224.2000,0.0384
224.2500,0.0428
224.3000,0.0391
224.3500,0.0453
224.4000,0.0397
224.4500,0.0458
224.5000,0.0391
224.5500,0.0426
224.6000,0.0398
224.6500,0.0447
224.7000,0.0447
224.7500,0.0409
224.8000,0.0459
224.8500,0.0447
224.9000,0.0502
224.9500,0.0442
225.0000,0.0518
225.0500,0.0464
225.1000,0.0522
225.1500,0.0481
225.2000,0.0556
225.2500,0.0524
225.3000,0.0519
225.3500,0.0523
225.4000,0.0569
225.4500,0.0585
225.5000,0.0539
225.5500,0.0588
225.6000,0.0583
225.6500,0.0652
225.7000,0.0588
225.7500,0.0662
225.8000,0.0609
225.8500,0.0682
225.9000,0.0637
225.9500,0.0704
226.0000,0.0650
226.0500,0.0686
226.1000,0.0660
226.1500,0.0715
226.2000,0.0719
226.2500,0.0681
226.3000,0.0723
226.3500,0.0692
226.4000,0.0759
226.4500,0.0704
226.5000,0.0759
226.5500,0.0695
226.6000,0.0729
226.6500,0.0685
226.7000,0.0740
226.7500,0.0734
226.8000,0.0681
226.8500,0.0715
226.9000,0.0673
226.9500,0.0742
227.0000,0.0680
227.0500,0.0731
227.1000,0.0663
227.1500,0.0692
227.2000,0.0630
227.2500,0.0690
227.3000,0.0669
227.3500,0.0611
227.4000,0.0613
227.4500,0.0618
227.5000,0.0623
227.5500,0.0551
227.6000,0.0594
227.6500,0.0546
227.7000,0.0607
227.7500,0.0545
227.8000,0.0581
227.8500,0.0507
227.9000,0.0546
227.9500,0.0479
228.0000,0.0543
228.0500,0.0493
228.1000,0.0477
228.1500,0.0461
228.2000,0.0486
228.2500,0.0492
228.3000,0.0432
228.3500,0.0476
228.4000,0.0413
228.4500,0.0471
228.5000,0.0413
228.5500,0.0466
228.6000,0.0403
228.6500,0.0428
228.7000,0.0387
228.7500,0.0436
228.8000,0.0433
228.8500,0.0389
228.9000,0.0413
228.9500,0.0394
229.0000,0.0457
229.0500,0.0406
229.1000,0.0458
229.1500,0.0388
229.2000,0.0437
229.2500,0.0394
229.3000,0.0454
229.3500,0.0433
229.4000,0.0414
229.4500,0.0434
229.5000,0.0436
229.5500,0.0505
229.6000,0.0479
229.6500,0.0502
229.7000,0.0449
229.7500,0.0516
229.8000,0.0473
229.8500,0.0540
229.9000,0.0492
229.9500,0.0506
230.0000,0.0488
230.0500,0.0544
230.1000,0.0549
230.1500,0.0583
230.2000,0.0546
230.2500,0.0536
230.3000,0.0589
230.3500,0.0586
230.4000,0.0600
230.4500,0.0541
230.5000,0.0615
230.5500,0.0572
230.6000,0.0633
230.6500,0.0570
230.7000,0.0611
230.7500,0.0571
230.8000,0.0640
230.8500,0.0611
230.9000,0.0600
230.9500,0.0596
231.0000,0.0626
231.0500,0.0642
231.1000,0.0651
231.1500,0.0618
231.2000,0.0599
231.2500,0.0654
231.3000,0.0617
231.3500,0.0638
231.4000,0.0577
231.4500,0.0640
231.5000,0.0581
231.5500,0.0636
231.6000,0.0566
231.6500,0.0604
231.7000,0.0554
231.7500,0.0612
231.8000,0.0578
231.8500,0.0554
231.9000,0.0524
231.9500,0.0561
232.0000,0.0572
232.0500,0.0560
232.1000,0.0532
232.1500,0.0502
232.2000,0.0559
232.2500,0.0503
232.3000,0.0545
232.3500,0.0476
232.4000,0.0519
232.4500,0.0457
232.5000,0.0506
232.5500,0.0471
232.6000,0.0503
232.6500,0.0446
232.7000,0.0461
232.7500,0.0494
232.8000,0.0459
232.8500,0.0454
232.9000,0.0404
232.9500,0.0468
233.0000,0.0406
233.0500,0.0461
233.1000,0.0398
233.1500,0.0453
233.2000,0.0380
233.2500,0.0426
233.3000,0.0433
233.3500,0.0434
233.4000,0.0409
233.4500,0.0384
233.5000,0.0438
233.5500,0.0391
233.6000,0.0436
233.6500,0.0370
233.7000,0.0417
233.7500,0.0369
233.8000,0.0427
233.8500,0.0408
233.9000,0.0442
233.9500,0.0388
234.0000,0.0396
234.0500,0.0443
234.1000,0.0415
234.1500,0.0441
234.2000,0.0378
234.2500,0.0439
234.3000,0.0391
234.3500,0.0463
234.4000,0.0406
234.4500,0.0465
234.5000,0.0399
234.5500,0.0436
234.6000,0.0463
234.6500,0.0458
234.7000,0.0450
234.7500,0.0413
234.8000,0.0473
234.8500,0.0424
234.9000,0.0487
234.9500,0.0421
235.0000,0.0485
235.0500,0.0419
235.1000,0.0472
235.1500,0.0466
235.2000,0.0482
235.2500,0.0453
235.3000,0.0443
235.3500,0.0499
235.4000,0.0454
235.4500,0.0495
235.5000,0.0426
235.5500,0.0487
235.6000,0.0430
235.6500,0.0489
235.7000,0.0459
235.7500,0.0496
235.8000,0.0442
235.8500,0.0451
235.9000,0.0496
235.9500,0.0467
236.0000,0.0482
236.0500,0.0426
236.1000,0.0464
236.1500,0.0427
236.2000,0.0489
236.2500,0.0438
236.3000,0.0485
236.3500,0.0418
236.4000,0.0450
236.4500,0.0470
236.5000,0.0460
236.5500,0.0453
236.6000,0.0408
236.6500,0.0472
236.7000,0.0417
236.7500,0.0473
236.8000,0.0401
236.8500,0.0462
236.9000,0.0394
236.9500,0.0440
237.0000,0.0437
237.0500,0.0446
237.1000,0.0413
237.1500,0.0392
237.2000,0.0452
237.2500,0.0405
237.3000,0.0444
237.3500,0.0373
237.4000,0.0427
237.4500,0.0375
237.5000,0.0432
237.5500,0.0399
237.6000,0.0438
237.6500,0.0384
237.7000,0.0397
237.7500,0.0432
237.8000,0.0410
237.8500,0.0413
237.9000,0.0364
237.9500,0.0397
238.0000,0.0369
238.0500,0.0432
238.1000,0.0365
238.1500,0.0424
238.2000,0.0358
238.2500,0.0409
238.3000,0.0403
238.3500,0.0426
238.4000,0.0381
238.4500,0.0379
238.5000,0.0425
238.5500,0.0396
238.6000,0.0416
238.6500,0.0355
238.7000,0.0394
238.7500,0.0367
238.8000,0.0424
238.8500,0.0367
238.9000,0.0423
238.9500,0.0356
239.0000,0.0407
239.0500,0.0400
239.1000,0.0423
239.1500,0.0378
239.2000,0.0373
239.2500,0.0421
239.3000,0.0391
239.3500,0.0418
239.4000,0.0353
239.4500,0.0397
239.5000,0.0365
239.5500,0.0429
239.6000,0.0369
239.6500,0.0421
239.7000,0.0356
239.7500,0.0406
239.8000,0.0403
239.8500,0.0421
239.9000,0.0384
239.9500,0.0375
240.0000,0.0364
240.0500,0.0390
240.1000,0.0418
240.1500,0.0357
240.2000,0.0404
240.2500,0.0359
240.3000,0.0429
240.3500,0.0369
240.4000,0.0421
240.4500,0.0359
240.5000,0.0402
240.5500,0.0406
240.6000,0.0420
240.6500,0.0388
240.7000,0.0369
240.7500,0.0368
240.8000,0.0391
240.8500,0.0417
240.9000,0.0357
240.9500,0.0401
241.0000,0.0363
241.0500,0.0427
241.1000,0.0374
241.1500,0.0431
241.2000,0.0365
241.2500,0.0395
241.3000,0.0410
241.3500,0.0414
241.4000,0.0399
241.4500,0.0364
241.5000,0.0381
241.5500,0.0380
241.6000,0.0427
241.6500,0.0361
241.7000,0.0419
241.7500,0.0358
241.8000,0.0425
241.8500,0.0391
241.9000,0.0430
241.9500,0.0377
242.0000,0.0392
242.0500,0.0368
242.1000,0.0409
242.1500,0.0416
242.2000,0.0365
242.2500,0.0403
242.3000,0.0374
242.3500,0.0440
242.4000,0.0377
242.4500,0.0435
242.5000,0.0370
242.5500,0.0415
242.6000,0.0417
242.6500,0.0434
242.7000,0.0400
242.7500,0.0384
242.8000,0.0388
242.8500,0.0404
242.9000,0.0441
242.9500,0.0373
243.0000,0.0433
243.0500,0.0380
243.1000,0.0441
243.1500,0.0411
243.2000,0.0452
243.2500,0.0397
243.3000,0.0410
243.3500,0.0389
243.4000,0.0426
243.4500,0.0441
243.5000,0.0385
243.5500,0.0430
243.6000,0.0393
243.6500,0.0456
243.7000,0.0399
243.7500,0.0459
243.8000,0.0391
243.8500,0.0429
243.9000,0.0386
243.9500,0.0441
244.0000,0.0430
244.0500,0.0398
244.1000,0.0410
244.1500,0.0412
244.2000,0.0456
244.2500,0.0390
244.3000,0.0454
244.3500,0.0386
244.4000,0.0442
244.4500,0.0429
244.5000,0.0455
244.5500,0.0412
244.6000,0.0403
244.6500,0.0396
244.7000,0.0415
244.7500,0.0453
244.8000,0.0382
244.8500,0.0437
244.9000,0.0384
244.9500,0.0447
245.0000,0.0407
245.0500,0.0450
245.1000,0.0387
245.1500,0.0405
245.2000,0.0376
245.2500,0.0417
245.3000,0.0426
245.3500,0.0374
245.4000,0.0401
245.4500,0.0380
245.5000,0.0435
245.5500,0.0374
245.6000,0.0427
245.6500,0.0364
245.7000,0.0413
245.7500,0.0361
245.8000,0.0427
245.8500,0.0383
245.9000,0.0376
245.9500,0.0368
246.0000,0.0390
246.0500,0.0425
246.1000,0.0353
246.1500,0.0403
246.2000,0.0363
246.2500,0.0424
246.3000,0.0378
246.3500,0.0428
246.4000,0.0360
246.4500,0.0397
246.5000,0.0362
246.5500,0.0418
246.6000,0.0397
246.6500,0.0377
246.7000,0.0387
246.7500,0.0393
246.8000,0.0440
246.8500,0.0371
246.9000,0.0431
246.9500,0.0375
247.0000,0.0434
247.0500,0.0383
247.1000,0.0455
247.1500,0.0402
247.2000,0.0410
247.2500,0.0392
247.3000,0.0428
247.3500,0.0451
247.4000,0.0395
247.4500,0.0451
247.5000,0.0413
247.5500,0.0476
247.6000,0.0425
247.6500,0.0487
247.7000,0.0426
247.7500,0.0455
247.8000,0.0424
247.8500,0.0473
247.9000,0.0476
247.9500,0.0429
248.0000,0.0466
248.0500,0.0447
248.1000,0.0509
248.1500,0.0449
248.2000,0.0514
248.2500,0.0444
