Tempo	Posicao
0.0332	1.399
0.0565	1.083
0.0832	1.363
0.1083	1.367
0.1333	1.351
0.1584	1.346
0.1835	1.345
0.2085	1.322
0.2335	1.311
0.2585	1.297
0.2834	1.262
0.3086	1.275
0.3336	1.260
0.3586	1.248
0.3837	1.235
0.4086	1.216
0.4337	1.207
0.4586	1.175
0.4837	1.170
0.5086	1.139
0.5336	1.129
0.5586	1.104
0.5836	1.093
0.6086	1.076
0.6336	1.052
0.6586	1.034
0.6836	1.019
0.7085	0.992
0.7336	0.984
0.7586	0.965
0.7835	0.939
0.8086	0.929
0.8336	0.912
0.8586	0.894
0.8836	0.880
0.9085	0.856
0.9335	0.837
0.9585	0.816
0.9835	0.795
1.0085	0.778
1.0335	0.759
1.0585	0.747
1.0835	0.729
1.1085	0.706
1.1335	0.688
1.1585	0.677
1.1835	0.657
1.2084	0.632
1.2335	0.622
1.2585	0.610
1.2835	0.592
1.3085	0.582
1.3336	0.571
1.3587	0.565
1.3837	0.552
1.4087	0.544
1.4338	0.536
1.4589	0.530
1.4839	0.521
1.5090	0.519
1.5340	0.513
1.5591	0.512
1.5842	0.509
1.6093	0.508
1.6344	0.507
1.6595	0.508
1.6846	0.510
1.7097	0.511
1.7348	0.512
1.7600	0.515
1.7851	0.523
1.8103	0.531
1.8354	0.535
1.8605	0.542
1.8857	0.550
1.9108	0.559
1.9360	0.571
1.9611	0.577
1.9863	0.592
2.0115	0.603
2.0367	0.619
2.0619	0.638
2.0871	0.651
2.1123	0.671
2.1375	0.688
2.1626	0.699
2.1879	0.729
2.2131	0.740
2.2383	0.762
2.2635	0.781
2.2887	0.800
2.3139	0.811
2.3391	0.835
2.3643	0.848
2.3895	0.868
2.4147	0.884
2.4399	0.901
2.4651	0.917
2.4903	0.931
2.5155	0.951
2.5407	0.969
2.5659	0.983
2.5911	1.000
2.6163	1.012
2.6415	1.036
2.6667	1.053
2.6918	1.059
2.7169	1.058
2.7421	1.071
2.7675	1.116
2.7927	1.136
2.8179	1.152
2.8430	1.164
2.8682	1.176
2.8934	1.201
2.9186	1.213
2.9438	1.221
2.9690	1.242
2.9941	1.249
3.0193	1.265
3.0445	1.287
3.0696	1.280
3.0950	1.321
3.1200	1.308
3.1454	1.365
3.1705	1.366
3.1955	1.351
3.2206	1.353
3.2459	1.379
3.2709	1.363
3.2961	1.385
3.3213	1.394
3.3463	1.389
3.3714	1.387
3.3965	1.389
3.4217	1.391
3.4469	1.409
3.4719	1.396
3.4971	1.411
3.5222	1.408
3.5458	1.159
3.5723	1.396
3.5974	1.401
3.6225	1.398
3.6476	1.393
3.6726	1.389
3.6978	1.392
3.7228	1.385
3.7479	1.379
3.7729	1.369
3.7980	1.360
3.8231	1.366
3.8481	1.353
3.8732	1.343
3.8982	1.337
3.9232	1.311
3.9484	1.325
3.9733	1.296
3.9982	1.265
4.0235	1.289
4.0485	1.275
4.0734	1.244
4.0984	1.223
4.1235	1.227
4.1484	1.191
4.1734	1.181
4.1984	1.159
4.2234	1.147
4.2485	1.146
4.2734	1.113
4.2986	1.115
4.3235	1.096
4.3486	1.081
4.3735	1.059
4.3986	1.049
4.4236	1.033
4.4486	1.014
4.4736	1.002
4.4985	0.972
4.5236	0.967
4.5485	0.940
4.5736	0.932
4.5986	0.916
4.6236	0.904
4.6486	0.888
4.6736	0.870
4.6986	0.855
4.7236	0.839
4.7486	0.817
4.7736	0.798
4.7987	0.788
4.8237	0.773
4.8486	0.749
4.8737	0.738
4.8987	0.722
4.9237	0.702
4.9487	0.692
4.9737	0.681
4.9987	0.661
5.0237	0.648
5.0488	0.636
5.0738	0.626
5.0988	0.613
5.1239	0.604
5.1489	0.592
5.1740	0.584
5.1990	0.574
5.2241	0.567
5.2491	0.562
5.2742	0.556
5.2993	0.552
5.3243	0.546
5.3494	0.547
5.3745	0.545
5.3996	0.544
5.4247	0.543
5.4498	0.544
5.4749	0.545
5.5000	0.547
5.5252	0.549
5.5503	0.550
5.5754	0.557
5.6006	0.565
5.6257	0.570
5.6508	0.580
5.6760	0.587
5.7011	0.598
5.7263	0.600
5.7514	0.616
5.7766	0.625
5.8018	0.635
5.8269	0.645
5.8521	0.663
5.8773	0.681
5.9025	0.698
5.9277	0.706
5.9529	0.725
5.9781	0.746
6.0033	0.755
6.0284	0.765
6.0537	0.793
6.0789	0.810
6.1040	0.822
6.1292	0.836
6.1544	0.851
6.1796	0.865
6.2048	0.883
6.2300	0.897
6.2552	0.909
6.2803	0.926
6.3055	0.939
6.3307	0.956
6.3559	0.973
6.3811	0.990
6.4063	1.004
6.4315	1.021
6.4566	1.027
6.4818	1.044
6.5071	1.065
6.5322	1.080
6.5574	1.095
6.5826	1.109
6.6077	1.107
6.6330	1.139
6.6582	1.152
6.6834	1.167
6.7085	1.176
6.7336	1.183
6.7589	1.203
6.7840	1.211
6.8092	1.225
6.8343	1.233
6.8596	1.253
6.8847	1.267
6.9099	1.275
6.9350	1.279
6.9602	1.299
6.9853	1.290
7.0106	1.331
7.0358	1.351
7.0609	1.355
7.0860	1.352
7.1112	1.370
7.1364	1.373
7.1614	1.363
7.1865	1.372
7.2116	1.369
7.2366	1.349
7.2618	1.366
7.2870	1.386
7.3122	1.390
7.3372	1.380
7.3623	1.388
7.3874	1.377
7.4125	1.382
7.4376	1.384
7.4618	1.225
7.4878	1.379
7.5129	1.374
7.5379	1.367
7.5630	1.368
7.5881	1.358
7.6131	1.355
7.6382	1.345
7.6634	1.358
7.6883	1.329
7.7134	1.324
7.7384	1.304
7.7635	1.305
7.7885	1.299
7.8135	1.285
7.8385	1.264
7.8636	1.259
7.8886	1.251
7.9137	1.235
7.9387	1.221
7.9637	1.211
7.9887	1.195
8.0137	1.179
8.0387	1.163
8.0638	1.153
8.0888	1.142
8.1138	1.125
8.1388	1.111
8.1639	1.098
8.1889	1.083
8.2139	1.070
8.2388	1.041
8.2639	1.041
8.2889	1.026
8.3139	1.006
8.3390	0.995
8.3639	0.970
8.3889	0.955
8.4140	0.949
8.4390	0.938
8.4640	0.916
8.4890	0.907
8.5141	0.899
8.5391	0.874
8.5641	0.858
8.5891	0.845
8.6142	0.842
8.6391	0.818
8.6642	0.808
8.6892	0.788
8.7141	0.768
8.7392	0.763
8.7642	0.751
8.7892	0.732
8.8143	0.722
8.8393	0.714
8.8644	0.703
8.8894	0.689
8.9144	0.676
8.9394	0.660
8.9645	0.659
8.9895	0.636
9.0146	0.639
9.0396	0.621
9.0646	0.615
9.0897	0.611
9.1148	0.603
9.1398	0.594
9.1649	0.594
9.1900	0.587
9.2151	0.584
9.2401	0.581
9.2652	0.577
9.2903	0.579
9.3154	0.579
9.3405	0.577
9.3656	0.577
9.3908	0.583
9.4159	0.585
9.4410	0.589
9.4661	0.596
9.4912	0.596
9.5164	0.606
9.5415	0.610
9.5667	0.620
9.5918	0.620
9.6170	0.634
9.6421	0.642
9.6673	0.654
9.6925	0.671
9.7176	0.669
9.7428	0.692
9.7679	0.700
9.7931	0.714
9.8183	0.731
9.8435	0.746
9.8687	0.761
9.8938	0.770
9.9191	0.792
9.9442	0.793
9.9694	0.813
9.9946	0.829
10.0198	0.843
10.0449	0.853
10.0701	0.869
10.0953	0.885
10.1205	0.899
10.1457	0.912
10.1708	0.913
10.1960	0.937
10.2212	0.950
10.2464	0.967
10.2716	0.981
10.2967	0.990
10.3219	1.009
10.3471	1.023
10.3723	1.037
10.3975	1.047
10.4226	1.055
10.4478	1.071
10.4730	1.088
10.4981	1.090
10.5234	1.118
10.5485	1.124
10.5737	1.137
10.5988	1.146
10.6240	1.166
10.6492	1.170
10.6743	1.182
10.6995	1.190
10.7247	1.214
10.7499	1.223
10.7751	1.237
10.8002	1.244
10.8254	1.260
10.8504	1.252
10.8757	1.276
10.9006	1.251
10.9260	1.297
10.9511	1.301
10.9763	1.314
11.0014	1.311
11.0266	1.338
11.0517	1.333
11.0770	1.357
11.1018	1.315
11.1272	1.372
11.1522	1.351
11.1774	1.360
11.2024	1.352
11.2276	1.372
11.2527	1.361
11.2777	1.351
11.3028	1.348
11.3280	1.372
11.3530	1.339
11.3781	1.347
11.4033	1.365
11.4281	1.316
11.4533	1.330
11.4784	1.328
11.5035	1.331
11.5287	1.340
11.5537	1.330
11.5788	1.326
11.6037	1.287
11.6288	1.301
11.6538	1.272
11.6789	1.277
11.7038	1.251
11.7290	1.256
11.7540	1.250
11.7791	1.241
11.8041	1.234
11.8291	1.217
11.8542	1.212
11.8792	1.194
11.9042	1.179
11.9293	1.171
11.9543	1.156
11.9793	1.140
12.0044	1.136
12.0294	1.117
12.0544	1.108
12.0795	1.099
12.1045	1.086
12.1295	1.069
12.1545	1.060
12.1795	1.041
12.2046	1.037
12.2296	1.021
12.2546	1.005
12.2797	0.995
12.3047	0.979
12.3297	0.965
12.3547	0.953
12.3797	0.932
12.4048	0.931
12.4298	0.918
12.4548	0.904
12.4799	0.893
12.5049	0.883
12.5299	0.861
12.5550	0.858
12.5800	0.843
12.6049	0.820
12.6300	0.819
12.6550	0.794
12.6800	0.784
12.7051	0.772
12.7301	0.761
12.7551	0.751
12.7801	0.727
12.8052	0.734
12.8302	0.712
12.8553	0.703
12.8803	0.693
12.9054	0.689
12.9304	0.684
12.9554	0.657
12.9805	0.653
13.0056	0.654
13.0306	0.638
13.0557	0.635
13.0808	0.634
13.1058	0.624
13.1309	0.616
13.1559	0.614
13.1810	0.611
13.2061	0.613
13.2312	0.615
13.2563	0.611
13.2814	0.614
13.3066	0.619
13.3317	0.616
13.3568	0.618
13.3818	0.616
13.4070	0.622
13.4321	0.622
13.4572	0.630
13.4824	0.638
13.5075	0.644
13.5326	0.639
13.5578	0.658
13.5830	0.669
13.6080	0.665
13.6332	0.684
13.6584	0.695
13.6835	0.693
13.7087	0.715
13.7338	0.714
13.7591	0.742
13.7842	0.748
13.8094	0.765
13.8345	0.768
13.8598	0.789
13.8849	0.796
13.9100	0.805
13.9353	0.826
13.9604	0.839
13.9856	0.852
14.0108	0.864
14.0360	0.876
14.0611	0.888
14.0863	0.900
14.1115	0.911
14.1366	0.919
14.1618	0.932
14.1870	0.951
14.2122	0.963
14.2373	0.976
14.2625	0.988
14.2877	1.001
14.3128	1.004
14.3380	1.026
14.3632	1.036
14.3884	1.048
14.4135	1.058
14.4387	1.076
14.4639	1.085
14.4890	1.084
14.5142	1.110
14.5394	1.118
14.5645	1.123
14.5897	1.148
14.6149	1.153
14.6400	1.160
14.6652	1.178
14.6904	1.186
14.7155	1.200
14.7407	1.213
14.7659	1.219
14.7909	1.218
14.8162	1.245
14.8413	1.243
14.8665	1.258
14.8916	1.266
14.9168	1.270
14.9419	1.273
14.9670	1.277
14.9918	1.228
15.0173	1.303
15.0425	1.305
15.0677	1.330
15.0928	1.324
15.1178	1.321
15.1430	1.323
15.1680	1.320
15.1931	1.314
15.2183	1.330
15.2434	1.334
15.2686	1.342
15.2935	1.320
15.3187	1.331
15.3439	1.351
15.3689	1.335
15.3940	1.332
15.4192	1.344
15.4442	1.329
15.4692	1.311
15.4942	1.296
15.5194	1.313
15.5444	1.300
15.5694	1.280
15.5946	1.291
15.6196	1.282
15.6447	1.282
15.6698	1.281
15.6948	1.259
15.7198	1.236
15.7449	1.239
15.7699	1.233
15.7949	1.217
15.8201	1.221
15.8451	1.205
15.8701	1.191
15.8951	1.170
15.9201	1.156
15.9452	1.157
15.9702	1.135
15.9952	1.120
16.0203	1.123
16.0454	1.115
16.0704	1.104
16.0954	1.092
16.1204	1.070
16.1454	1.059
16.1705	1.057
16.1955	1.042
16.2206	1.034
16.2456	1.021
16.2706	1.007
16.2956	0.988
16.3207	0.982
16.3456	0.959
16.3707	0.950
16.3958	0.949
16.4207	0.920
16.4458	0.922
16.4709	0.911
16.4959	0.900
16.5209	0.888
16.5460	0.879
16.5710	0.864
16.5960	0.851
16.6211	0.842
16.6460	0.821
16.6711	0.815
16.6961	0.797
16.7211	0.787
16.7462	0.773
16.7713	0.774
16.7962	0.751
16.8213	0.753
16.8463	0.730
16.8714	0.736
16.8964	0.714
16.9215	0.703
16.9465	0.699
16.9716	0.689
16.9967	0.685
17.0218	0.688
17.0468	0.678
17.0718	0.655
17.0969	0.658
17.1220	0.662
17.1471	0.665
17.1721	0.644
17.1972	0.637
17.2223	0.635
17.2474	0.634
17.2725	0.640
17.2976	0.644
17.3227	0.648
17.3478	0.638
17.3729	0.639
17.3980	0.641
17.4231	0.643
17.4482	0.642
17.4734	0.656
17.4985	0.667
17.5237	0.669
17.5487	0.665
17.5739	0.671
17.5990	0.684
17.6242	0.694
17.6493	0.692
17.6745	0.710
17.6997	0.728
17.7248	0.722
17.7500	0.740
17.7751	0.745
17.8003	0.755
17.8254	0.762
17.8505	0.770
17.8758	0.788
17.9009	0.802
17.9261	0.815
17.9513	0.823
17.9764	0.836
18.0016	0.850
18.0268	0.861
18.0519	0.872
18.0771	0.883
18.1023	0.894
18.1274	0.905
18.1526	0.916
18.1777	0.924
18.2029	0.940
18.2281	0.948
18.2532	0.956
18.2784	0.974
18.3036	0.986
18.3286	0.973
18.3539	1.009
18.3791	1.019
18.4043	1.029
18.4294	1.044
18.4546	1.056
18.4798	1.064
18.5049	1.076
18.5301	1.090
18.5552	1.091
18.5804	1.109
18.6055	1.109
18.6307	1.130
18.6559	1.145
18.6811	1.151
18.7062	1.165
18.7313	1.160
18.7565	1.181
18.7817	1.187
18.8068	1.195
18.8320	1.208
18.8571	1.203
18.8823	1.225
18.9074	1.233
18.9326	1.241
18.9577	1.237
18.9829	1.255
19.0080	1.265
19.0331	1.267
19.0583	1.279
19.0834	1.277
19.1086	1.296
19.1337	1.290
19.1588	1.294
19.1840	1.309
19.2091	1.314
19.2342	1.314
19.2593	1.312
19.2843	1.302
19.3096	1.332
19.3346	1.317
19.3597	1.317
19.3847	1.292
19.4099	1.308
19.4351	1.332
19.4602	1.323
19.4853	1.327
19.5103	1.313
19.5354	1.306
19.5604	1.291
19.5855	1.300
19.6106	1.289
19.6357	1.288
19.6606	1.263
19.6857	1.268
19.7108	1.254
19.7358	1.251
19.7609	1.252
19.7860	1.237
19.8110	1.228
19.8361	1.224
19.8611	1.209
19.8861	1.200
19.9112	1.194
19.9363	1.185
19.9613	1.173
19.9863	1.166
20.0114	1.153
20.0364	1.143
20.0614	1.125
20.0865	1.122
20.1115	1.112
20.1365	1.098
20.1616	1.084
20.1866	1.079
20.2117	1.068
20.2367	1.057
20.2618	1.047
20.2868	1.032
20.3118	1.024
20.3369	1.013
20.3619	1.002
20.3869	0.985
20.4119	0.969
20.4369	0.959
20.4619	0.937
20.4870	0.937
20.5120	0.918
20.5371	0.911
20.5621	0.904
20.5872	0.900
20.6122	0.889
20.6373	0.879
20.6623	0.861
20.6873	0.855
20.7123	0.837
20.7374	0.838
20.7624	0.814
20.7875	0.819
20.8125	0.792
20.8376	0.789
20.8626	0.778
20.8877	0.776
20.9127	0.755
20.9377	0.743
20.9628	0.743
20.9878	0.724
21.0129	0.732
21.0380	0.725
21.0630	0.703
21.0881	0.706
21.1131	0.701
21.1382	0.688
21.1632	0.684
21.1883	0.680
21.2134	0.679
21.2385	0.676
21.2635	0.662
21.2886	0.660
21.3137	0.659
21.3388	0.661
21.3639	0.663
21.3891	0.670
21.4141	0.664
21.4392	0.660
21.4643	0.658
21.4894	0.660
21.5145	0.658
21.5397	0.668
21.5648	0.682
21.5900	0.692
21.6151	0.690
21.6402	0.687
21.6653	0.691
21.6905	0.707
21.7157	0.720
21.7407	0.718
21.7658	0.718
21.7911	0.739
21.8162	0.749
21.8413	0.746
21.8665	0.761
21.8916	0.768
21.9168	0.787
21.9420	0.789
21.9671	0.804
21.9923	0.806
22.0174	0.819
22.0426	0.832
22.0677	0.838
22.0929	0.851
22.1181	0.858
22.1433	0.874
22.1684	0.885
22.1936	0.895
22.2187	0.900
22.2439	0.916
22.2690	0.917
22.2942	0.931
22.3194	0.949
22.3445	0.955
22.3697	0.967
22.3948	0.974
22.4200	0.992
22.4452	1.000
22.4703	1.010
22.4955	1.024
22.5206	1.022
22.5458	1.039
22.5710	1.054
22.5961	1.057
22.6213	1.078
22.6465	1.085
22.6716	1.089
22.6968	1.105
22.7219	1.112
22.7471	1.125
22.7723	1.135
22.7974	1.142
22.8225	1.147
22.8477	1.160
22.8728	1.158
22.8981	1.185
22.9230	1.164
22.9483	1.191
22.9734	1.191
22.9986	1.213
23.0238	1.224
23.0489	1.228
23.0740	1.227
23.0992	1.244
23.1243	1.240
23.1495	1.259
23.1746	1.258
23.1996	1.249
23.2249	1.274
23.2499	1.263
23.2751	1.282
23.3002	1.284
23.3253	1.280
23.3504	1.276
23.3756	1.292
23.4007	1.294
23.4258	1.291
23.4508	1.280
23.4759	1.287
23.5011	1.301
23.5262	1.297
23.5512	1.284
23.5764	1.290
23.6015	1.291
23.6265	1.281
23.6516	1.285
23.6766	1.260
23.7018	1.271
23.7268	1.262
23.7516	1.217
23.7770	1.256
23.8021	1.255
23.8271	1.245
23.8522	1.241
23.8772	1.233
23.9023	1.222
23.9273	1.215
23.9524	1.214
23.9774	1.200
24.0025	1.191
24.0275	1.182
24.0526	1.181
24.0776	1.159
24.1027	1.163
24.1277	1.148
24.1528	1.141
24.1778	1.129
24.2029	1.123
24.2279	1.113
24.2530	1.103
24.2780	1.093
24.3030	1.080
24.3281	1.069
24.3531	1.055
24.3782	1.051
24.4032	1.041
24.4282	1.024
24.4533	1.020
24.4782	0.989
24.5033	0.993
24.5284	0.985
24.5535	0.978
24.5785	0.965
24.6035	0.953
24.6285	0.933
24.6535	0.922
24.6786	0.920
24.7036	0.905
24.7287	0.900
24.7537	0.890
24.7788	0.886
24.8038	0.867
24.8289	0.864
24.8539	0.840
24.8789	0.837
24.9039	0.821
24.9290	0.815
24.9540	0.804
24.9791	0.792
25.0042	0.791
25.0292	0.775
25.0543	0.771
25.0793	0.760
25.1043	0.746
25.1294	0.753
25.1545	0.743
25.1795	0.730
25.2047	0.739
25.2297	0.719
25.2547	0.706
25.2798	0.705
25.3049	0.705
25.3300	0.704
25.3549	0.679
25.3800	0.680
25.4051	0.683
25.4303	0.689
25.4553	0.684
25.4805	0.686
25.5056	0.688
25.5307	0.695
25.5558	0.696
25.5809	0.692
25.6059	0.684
25.6311	0.695
25.6562	0.694
25.6813	0.689
25.7064	0.692
25.7315	0.694
25.7566	0.691
25.7818	0.706
25.8070	0.724
25.8320	0.714
25.8572	0.719
25.8823	0.729
25.9075	0.749
25.9326	0.740
25.9577	0.751
25.9830	0.772
26.0080	0.761
26.0332	0.772
26.0584	0.793
26.0835	0.791
26.1087	0.810
26.1338	0.814
26.1590	0.830
26.1841	0.839
26.2093	0.844
26.2344	0.854
26.2596	0.866
26.2848	0.875
26.3099	0.885
26.3351	0.895
26.3602	0.905
26.3854	0.911
26.4105	0.924
26.4357	0.934
26.4608	0.941
26.4860	0.954
26.5112	0.965
26.5363	0.975
26.5614	0.972
26.5867	0.995
26.6118	1.006
26.6370	1.013
26.6621	1.026
26.6873	1.037
26.7124	1.040
26.7376	1.050
26.7628	1.067
26.7879	1.070
26.8130	1.079
26.8382	1.093
26.8634	1.106
26.8885	1.105
26.9137	1.121
26.9389	1.134
26.9640	1.143
26.9891	1.135
27.0143	1.153
27.0394	1.155
27.0645	1.166
27.0897	1.174
27.1149	1.186
27.1400	1.194
27.1651	1.190
27.1903	1.201
27.2154	1.214
27.2405	1.214
27.2657	1.226
27.2908	1.228
27.3159	1.233
27.3410	1.232
27.3662	1.246
27.3906	1.117
27.4164	1.251
27.4415	1.247
27.4667	1.269
27.4917	1.252
27.5170	1.276
27.5422	1.289
27.5672	1.280
27.5922	1.265
27.6174	1.285
27.6426	1.287
27.6676	1.272
27.6928	1.290
27.7178	1.281
27.7429	1.280
27.7679	1.266
27.7929	1.251
27.8181	1.261
27.8432	1.261
27.8683	1.265
27.8933	1.251
27.9184	1.250
27.9435	1.248
27.9685	1.233
27.9936	1.233
28.0187	1.229
28.0438	1.226
28.0688	1.209
28.0939	1.209
28.1189	1.191
28.1440	1.184
28.1691	1.184
28.1941	1.179
28.2192	1.172
28.2442	1.164
28.2693	1.154
28.2943	1.143
28.3194	1.140
28.3444	1.125
28.3695	1.119
28.3945	1.111
28.4196	1.098
28.4446	1.092
28.4696	1.078
28.4947	1.072
28.5197	1.048
28.5448	1.052
28.5698	1.040
28.5949	1.030
28.6199	1.016
28.6449	1.006
28.6700	0.996
28.6950	0.986
28.7200	0.976
28.7451	0.965
28.7701	0.959
28.7951	0.936
28.8202	0.937
28.8453	0.926
28.8703	0.918
28.8953	0.907
28.9204	0.902
28.9455	0.892
28.9705	0.886
28.9955	0.873
29.0206	0.864
29.0456	0.855
29.0707	0.844
29.0957	0.839
29.1207	0.819
29.1458	0.818
29.1708	0.800
29.1959	0.803
29.2210	0.791
29.2460	0.781
29.2711	0.781
29.2961	0.760
29.3211	0.751
29.3462	0.752
29.3713	0.746
29.3963	0.727
29.4214	0.733
29.4466	0.741
29.4716	0.727
29.4966	0.716
29.5217	0.715
29.5468	0.708
29.5719	0.714
29.5970	0.719
29.6221	0.716
29.6472	0.708
29.6722	0.696
29.6973	0.690
29.7224	0.690
29.7474	0.683
29.7726	0.688
29.7977	0.697
29.8229	0.712
29.8480	0.711
29.8731	0.716
29.8983	0.726
29.9233	0.708
29.9484	0.715
29.9735	0.717
29.9987	0.733
30.0239	0.740
30.0489	0.735
30.0741	0.737
30.0992	0.749
30.1244	0.758
30.1495	0.765
30.1746	0.760
30.1998	0.785
30.2250	0.788
30.2501	0.795
30.2752	0.803
30.3004	0.814
30.3256	0.825
30.3507	0.833
30.3758	0.839
30.4010	0.851
30.4262	0.862
30.4513	0.871
30.4765	0.877
30.5016	0.889
30.5268	0.898
30.5519	0.905
30.5771	0.917
30.6022	0.919
30.6274	0.930
30.6526	0.945
30.6777	0.952
30.7029	0.962
30.7280	0.972
30.7532	0.984
30.7783	0.990
30.8035	1.001
30.8287	1.013
30.8538	1.023
30.8790	1.030
30.9041	1.043
30.9293	1.049
30.9544	1.051
30.9796	1.071
31.0047	1.067
31.0299	1.086
31.0550	1.092
31.0802	1.104
31.1053	1.106
31.1305	1.122
31.1556	1.116
31.1808	1.143
31.2060	1.151
31.2311	1.156
31.2562	1.159
31.2814	1.177
31.3065	1.182
31.3316	1.174
31.3568	1.192
31.3819	1.199
31.4070	1.198
31.4322	1.210
31.4573	1.217
31.4825	1.219
31.5076	1.228
31.5327	1.235
31.5579	1.244
31.5830	1.247
31.6080	1.230
31.6332	1.241
31.6584	1.254
31.6834	1.239
31.7086	1.256
31.7337	1.257
31.7589	1.272
31.7838	1.249
31.8090	1.267
31.8342	1.271
31.8593	1.271
31.8843	1.264
31.9094	1.265
31.9345	1.261
31.9595	1.252
31.9847	1.257
32.0098	1.254
32.0348	1.240
32.0599	1.245
32.0850	1.244
32.1101	1.243
32.1351	1.233
32.1602	1.232
32.1853	1.222
32.2103	1.217
32.2354	1.201
32.2605	1.209
32.2855	1.201
32.3106	1.200
32.3357	1.193
32.3606	1.162
32.3858	1.172
32.4109	1.168
32.4358	1.144
32.4610	1.153
32.4860	1.146
32.5111	1.137
32.5361	1.130
32.5612	1.120
32.5862	1.111
32.6113	1.103
32.6363	1.094
32.6614	1.084
32.6864	1.073
32.7114	1.060
32.7365	1.057
32.7616	1.048
32.7866	1.039
32.8116	1.013
32.8367	1.020
32.8617	1.003
32.8868	0.995
32.9118	0.981
32.9369	0.982
32.9619	0.966
32.9869	0.953
33.0119	0.940
33.0370	0.942
33.0621	0.933
33.0871	0.920
33.1122	0.910
33.1372	0.908
33.1623	0.899
33.1873	0.890
33.2124	0.881
33.2374	0.867
33.2625	0.864
33.2875	0.849
33.3126	0.841
33.3376	0.837
33.3626	0.821
33.3877	0.822
33.4128	0.811
33.4378	0.801
33.4629	0.800
33.4879	0.781
33.5130	0.777
33.5381	0.775
33.5631	0.759
33.5881	0.753
33.6133	0.758
33.6383	0.750
33.6633	0.733
33.6884	0.724
33.7135	0.731
33.7386	0.734
33.7637	0.732
33.7887	0.718
33.8138	0.709
33.8389	0.707
33.8640	0.709
33.8891	0.708
33.9142	0.711
33.9393	0.717
33.9645	0.721
33.9895	0.714
34.0146	0.708
34.0397	0.713
34.0649	0.728
34.0900	0.723
34.1150	0.712
34.1402	0.728
34.1654	0.746
34.1905	0.750
34.2156	0.739
34.2407	0.743
34.2658	0.748
34.2909	0.753
34.3161	0.769
34.3412	0.759
34.3663	0.765
34.3915	0.785
34.4167	0.791
34.4418	0.798
34.4670	0.811
34.4921	0.808
34.5172	0.822
34.5424	0.823
34.5675	0.831
34.5927	0.842
34.6178	0.853
34.6430	0.861
34.6681	0.872
34.6933	0.881
34.7184	0.889
34.7436	0.898
34.7687	0.906
34.7939	0.913
34.8190	0.924
34.8442	0.927
34.8693	0.932
34.8945	0.945
34.9197	0.961
34.9448	0.967
34.9699	0.976
34.9951	0.985
35.0202	0.985
35.0454	1.007
35.0705	1.009
35.0957	1.023
35.1208	1.024
35.1460	1.037
35.1712	1.050
35.1963	1.054
35.2215	1.068
35.2466	1.070
35.2718	1.085
35.2969	1.097
35.3221	1.098
35.3472	1.103
35.3724	1.119
35.3975	1.120
35.4226	1.131
35.4478	1.147
35.4729	1.145
35.4981	1.161
35.5232	1.164
35.5483	1.161
35.5735	1.174
35.5987	1.189
35.6238	1.187
35.6489	1.200
35.6741	1.208
35.6992	1.214
35.7243	1.209
35.7494	1.218
35.7746	1.218
35.7997	1.233
35.8248	1.230
35.8499	1.234
35.8751	1.236
35.9002	1.239
35.9253	1.241
35.9503	1.228
35.9755	1.242
36.0007	1.253
36.0257	1.241
36.0508	1.248
36.0759	1.248
36.1010	1.249
36.1262	1.254
36.1512	1.243
36.1763	1.245
36.2015	1.259
36.2265	1.249
36.2516	1.239
36.2766	1.233
36.3018	1.237
36.3269	1.241
36.3519	1.230
36.3770	1.229
36.4020	1.217
36.4271	1.212
36.4522	1.216
36.4773	1.203
36.5024	1.204
36.5274	1.192
36.5524	1.183
36.5774	1.165
36.6026	1.173
36.6276	1.162
36.6527	1.159
36.6778	1.158
36.7028	1.141
36.7279	1.137
36.7530	1.133
36.7779	1.113
36.8030	1.113
36.8281	1.111
36.8531	1.097
36.8782	1.092
36.9033	1.083
36.9283	1.071
36.9533	1.063
36.9784	1.054
37.0034	1.041
37.0285	1.036
37.0535	1.026
37.0786	1.018
37.1036	1.006
37.1287	1.000
37.1538	0.995
37.1788	0.986
37.2038	0.973
37.2289	0.961
37.2539	0.956
37.2790	0.943
37.3040	0.934
37.3290	0.923
37.3541	0.917
37.3791	0.909
37.4042	0.902
37.4292	0.889
37.4543	0.879
37.4794	0.876
37.5044	0.873
37.5295	0.864
37.5545	0.851
37.5796	0.847
37.6046	0.836
37.6297	0.825
37.6547	0.822
37.6798	0.816
37.7048	0.803
37.7299	0.796
37.7550	0.801
37.7800	0.787
37.8051	0.782
37.8302	0.787
37.8553	0.772
37.8803	0.764
37.9054	0.755
37.9305	0.759
37.9556	0.759
37.9806	0.737
38.0056	0.734
38.0307	0.731
38.0558	0.730
38.0810	0.741
38.1061	0.737
38.1312	0.743
38.1563	0.738
38.1814	0.740
38.2065	0.740
38.2316	0.738
38.2566	0.734
38.2818	0.739
38.3068	0.735
38.3320	0.738
38.3570	0.733
38.3821	0.731
38.4073	0.738
38.4324	0.741
38.4576	0.754
38.4827	0.754
38.5078	0.766
38.5329	0.762
38.5580	0.756
38.5831	0.761
38.6083	0.785
38.6335	0.790
38.6585	0.777
38.6837	0.791
38.7088	0.804
38.7339	0.803
38.7591	0.813
38.7843	0.834
38.8094	0.831
38.8345	0.837
38.8597	0.855
38.8849	0.860
38.9100	0.870
38.9352	0.879
38.9603	0.883
38.9855	0.894
39.0106	0.902
39.0358	0.911
39.0609	0.920
39.0860	0.925
39.1112	0.933
39.1364	0.945
39.1615	0.953
39.1867	0.962
39.2118	0.971
39.2369	0.969
39.2621	0.986
39.2873	0.997
39.3124	1.006
39.3375	1.007
39.3627	1.019
39.3878	1.028
39.4130	1.031
39.4382	1.049
39.4633	1.055
39.4885	1.066
39.5136	1.068
39.5388	1.083
39.5639	1.092
39.5890	1.095
39.6142	1.107
39.6392	1.096
39.6645	1.123
39.6896	1.130
39.7148	1.134
39.7398	1.128
39.7651	1.151
39.7902	1.152
39.8153	1.164
39.8404	1.164
39.8656	1.174
39.8907	1.177
39.9159	1.185
39.9409	1.180
39.9661	1.195
39.9912	1.197
40.0164	1.205
40.0415	1.210
40.0666	1.214
40.0917	1.217
40.1168	1.213
40.1420	1.230
40.1671	1.234
40.1922	1.225
40.2174	1.238
40.2424	1.232
40.2676	1.241
40.2927	1.245
40.3178	1.242
40.3429	1.243
40.3679	1.235
40.3931	1.236
40.4182	1.241
40.4432	1.223
40.4683	1.228
40.4934	1.233
40.5186	1.238
40.5436	1.233
40.5687	1.223
40.5938	1.221
40.6189	1.220
40.6438	1.199
40.6690	1.205
40.6941	1.204
40.7191	1.196
40.7443	1.202
40.7692	1.175
40.7944	1.192
40.8194	1.176
40.8445	1.177
40.8696	1.168
40.8946	1.165
40.9197	1.159
40.9447	1.149
40.9698	1.146
40.9949	1.134
41.0199	1.127
41.0450	1.124
41.0701	1.117
41.0951	1.104
41.1202	1.100
41.1452	1.089
41.1703	1.084
41.1953	1.074
41.2203	1.062
41.2454	1.057
41.2705	1.051
41.2955	1.043
41.3205	1.014
41.3456	1.026
41.3707	1.018
41.3957	1.007
41.4208	0.998
41.4458	0.993
41.4708	0.974
41.4959	0.961
41.5209	0.957
41.5460	0.956
41.5710	0.932
41.5961	0.942
41.6211	0.924
41.6462	0.918
41.6713	0.914
41.6963	0.903
41.7214	0.899
41.7464	0.883
41.7715	0.886
41.7966	0.875
41.8216	0.868
41.8467	0.860
41.8717	0.843
41.8968	0.843
41.9218	0.839
41.9469	0.825
41.9720	0.823
41.9970	0.817
42.0221	0.808
42.0471	0.791
42.0722	0.800
42.0972	0.787
42.1223	0.779
42.1474	0.785
42.1725	0.778
42.1976	0.777
42.2226	0.759
42.2477	0.754
42.2727	0.751
42.2979	0.756
42.3230	0.757
42.3481	0.755
42.3730	0.736
42.3981	0.729
42.4232	0.736
42.4483	0.734
42.4734	0.734
42.4985	0.730
42.5236	0.731
42.5487	0.728
42.5738	0.736
42.5989	0.733
42.6240	0.730
42.6492	0.737
42.6743	0.753
42.6995	0.755
42.7246	0.768
42.7497	0.761
42.7748	0.761
42.7999	0.764
42.8251	0.775
42.8502	0.783
42.8753	0.784
42.9004	0.782
42.9255	0.787
42.9507	0.796
42.9759	0.813
43.0010	0.808
43.0261	0.821
43.0513	0.830
43.0764	0.834
43.1016	0.843
43.1267	0.851
43.1518	0.854
43.1770	0.861
43.2022	0.875
43.2273	0.882
43.2524	0.889
43.2776	0.897
43.3027	0.905
43.3279	0.913
43.3530	0.921
43.3782	0.926
43.4033	0.937
43.4285	0.945
43.4536	0.951
43.4787	0.955
43.5039	0.967
43.5291	0.978
43.5542	0.986
43.5794	0.995
43.6045	1.004
43.6296	1.011
43.6548	1.016
43.6799	1.025
43.7050	1.029
43.7302	1.041
43.7554	1.053
43.7805	1.047
43.8057	1.068
43.8308	1.077
43.8559	1.074
43.8811	1.092
43.9063	1.100
43.9314	1.107
43.9565	1.111
43.9816	1.111
44.0068	1.129
44.0319	1.124
44.0571	1.139
44.0822	1.149
44.1073	1.144
44.1325	1.154
44.1576	1.164
44.1828	1.172
44.2079	1.168
44.2330	1.183
44.2582	1.189
44.2833	1.193
44.3084	1.193
44.3335	1.191
44.3586	1.194
44.3838	1.208
44.4089	1.216
44.4340	1.208
44.4591	1.211
44.4839	1.158
44.5093	1.205
44.5345	1.227
44.5595	1.215
44.5846	1.206
44.6097	1.217
44.6349	1.232
44.6600	1.233
44.6851	1.225
44.7102	1.228
44.7352	1.213
44.7604	1.229
44.7854	1.217
44.8106	1.223
44.8356	1.209
44.8607	1.211
44.8857	1.200
44.9109	1.209
44.9360	1.202
44.9611	1.206
44.9862	1.202
45.0112	1.195
45.0363	1.196
45.0613	1.178
45.0864	1.173
45.1115	1.168
45.1365	1.159
45.1617	1.168
45.1867	1.161
45.2117	1.141
45.2368	1.136
45.2619	1.136
45.2870	1.137
45.3120	1.123
45.3371	1.119
45.3622	1.115
45.3872	1.106
45.4123	1.101
45.4373	1.083
45.4623	1.076
45.4874	1.079
45.5125	1.064
45.5375	1.061
45.5626	1.055
45.5876	1.044
45.6127	1.037
45.6378	1.031
45.6628	1.023
45.6879	1.015
45.7128	0.993
45.7380	0.997
45.7630	0.988
45.7881	0.983
45.8131	0.969
45.8382	0.965
45.8632	0.952
45.8883	0.948
45.9133	0.937
45.9383	0.922
45.9634	0.921
45.9885	0.917
46.0135	0.908
46.0386	0.902
46.0637	0.897
46.0887	0.883
46.1138	0.879
46.1389	0.875
46.1639	0.869
46.1890	0.859
46.2140	0.842
46.2391	0.849
46.2641	0.832
46.2891	0.820
46.3142	0.821
46.3394	0.825
46.3644	0.806
46.3894	0.801
46.4145	0.804
46.4396	0.795
46.4646	0.777
46.4897	0.771
46.5148	0.775
46.5399	0.776
46.5650	0.780
46.5901	0.772
46.6151	0.756
46.6401	0.753
46.6653	0.754
46.6904	0.757
46.7155	0.766
46.7406	0.760
46.7656	0.749
46.7908	0.759
46.8159	0.755
46.8409	0.752
46.8660	0.749
46.8912	0.756
46.9163	0.758
46.9413	0.752
46.9665	0.757
46.9916	0.755
47.0167	0.754
47.0417	0.753
47.0669	0.764
47.0921	0.777
47.1172	0.787
47.1423	0.787
47.1675	0.789
47.1925	0.782
47.2177	0.804
47.2429	0.805
47.2680	0.810
47.2931	0.811
47.3183	0.825
47.3434	0.824
47.3685	0.839
47.3936	0.835
47.4188	0.849
47.4440	0.858
47.4691	0.861
47.4942	0.868
47.5194	0.878
47.5445	0.885
47.5697	0.891
47.5948	0.899
47.6199	0.906
47.6451	0.913
47.6702	0.921
47.6954	0.926
47.7204	0.922
47.7457	0.944
47.7708	0.946
47.7959	0.960
47.8211	0.967
47.8462	0.972
47.8714	0.983
47.8965	0.991
47.9216	0.979
47.9468	1.005
47.9720	1.015
47.9971	1.023
48.0222	1.028
48.0474	1.039
48.0725	1.044
48.0977	1.054
48.1227	1.033
48.1480	1.069
48.1731	1.074
48.1982	1.077
48.2234	1.091
48.2485	1.095
48.2737	1.103
48.2988	1.109
48.3240	1.115
48.3491	1.125
48.3742	1.117
48.3993	1.132
48.4245	1.142
48.4496	1.136
48.4747	1.138
48.4999	1.158
48.5250	1.163
48.5502	1.169
48.5753	1.177
48.6004	1.181
48.6256	1.189
48.6506	1.182
48.6757	1.176
48.7009	1.197
48.7260	1.194
48.7511	1.200
48.7763	1.204
48.8014	1.205
48.8265	1.215
48.8516	1.203
48.8767	1.218
48.9018	1.217
48.9269	1.217
48.9521	1.221
48.9772	1.219
49.0023	1.222
49.0274	1.221
49.0524	1.206
49.0774	1.199
49.1026	1.209
49.1277	1.217
49.1528	1.216
49.1779	1.206
49.2030	1.208
49.2280	1.198
49.2532	1.206
49.2782	1.192
49.3032	1.180
49.3284	1.184
49.3535	1.185
49.3785	1.181
49.4036	1.179
49.4287	1.178
49.4537	1.159
49.4788	1.152
49.5039	1.160
49.5289	1.147
49.5540	1.149
49.5791	1.143
49.6042	1.136
49.6292	1.126
49.6543	1.124
49.6793	1.114
49.7044	1.111
49.7295	1.103
49.7545	1.097
49.7796	1.089
49.8047	1.083
49.8297	1.075
49.8547	1.061
49.8798	1.060
49.9049	1.053
49.9299	1.045
49.9550	1.038
49.9801	1.030
50.0051	1.019
50.0301	1.009
50.0552	1.007
50.0803	1.000
50.1053	0.977
50.1304	0.984
50.1554	0.970
50.1804	0.959
50.2055	0.955
50.2306	0.947
50.2557	0.944
50.2807	0.936
50.3057	0.925
50.3308	0.924
50.3559	0.917
50.3809	0.906
50.4060	0.902
50.4311	0.896
50.4561	0.886
50.4812	0.882
50.5062	0.869
50.5313	0.869
50.5564	0.857
50.5814	0.847
50.6065	0.851
50.6316	0.841
50.6566	0.825
50.6816	0.820
50.7068	0.826
50.7318	0.817
50.7569	0.805
50.7820	0.805
50.8070	0.800
50.8322	0.807
50.8572	0.799
50.8822	0.782
50.9073	0.783
50.9324	0.776
50.9575	0.783
50.9826	0.778
51.0076	0.764
51.0327	0.767
51.0578	0.761
51.0829	0.756
51.1080	0.756
51.1331	0.755
51.1582	0.755
51.1833	0.761
51.2084	0.758
51.2335	0.762
51.2585	0.753
51.2836	0.753
51.3088	0.770
51.3340	0.772
51.3591	0.784
51.3842	0.782
51.4093	0.782
51.4344	0.784
51.4595	0.788
51.4847	0.791
51.5098	0.795
51.5349	0.798
51.5600	0.804
51.5852	0.808
51.6103	0.808
51.6355	0.827
51.6605	0.822
51.6857	0.838
51.7108	0.836
51.7360	0.849
51.7611	0.851
51.7862	0.854
51.8114	0.867
51.8365	0.866
51.8617	0.880
51.8868	0.885
51.9120	0.892
51.9371	0.899
51.9622	0.906
51.9874	0.910
52.0125	0.921
52.0376	0.925
52.0628	0.931
52.0879	0.942
52.1131	0.950
52.1382	0.955
52.1634	0.964
52.1885	0.972
52.2137	0.977
52.2388	0.987
52.2640	0.995
52.2891	1.002
52.3142	1.010
52.3393	1.011
52.3645	1.021
52.3897	1.030
52.4148	1.037
52.4399	1.045
52.4651	1.054
52.4902	1.058
52.5154	1.068
52.5405	1.073
52.5656	1.076
52.5908	1.086
52.6159	1.093
52.6411	1.103
52.6662	1.110
52.6913	1.109
52.7165	1.122
52.7416	1.124
52.7667	1.128
52.7919	1.136
52.8170	1.135
52.8421	1.144
52.8672	1.136
52.8924	1.161
52.9175	1.162
52.9427	1.171
52.9678	1.167
52.9929	1.179
53.0180	1.183
53.0431	1.183
53.0683	1.186
53.0934	1.194
53.1185	1.195
53.1436	1.199
53.1687	1.193
53.1938	1.196
53.2190	1.205
53.2441	1.202
53.2692	1.203
53.2942	1.190
53.3193	1.194
53.3444	1.199
53.3695	1.198
53.3947	1.205
53.4197	1.195
53.4448	1.193
53.4699	1.192
53.4950	1.198
53.5201	1.200
53.5453	1.201
53.5703	1.195
53.5954	1.199
53.6205	1.197
53.6456	1.190
53.6707	1.184
53.6958	1.187
53.7208	1.170
53.7459	1.169
53.7710	1.168
53.7961	1.168
53.8211	1.162
53.8462	1.158
53.8712	1.148
53.8963	1.141
53.9214	1.135
53.9465	1.136
53.9715	1.124
53.9966	1.125
54.0217	1.119
54.0467	1.109
54.0718	1.105
54.0969	1.100
54.1219	1.092
54.1470	1.085
54.1720	1.080
54.1971	1.073
54.2222	1.065
54.2472	1.054
54.2723	1.051
54.2973	1.036
54.3224	1.033
54.3475	1.029
54.3725	1.019
54.3975	1.008
54.4226	1.004
54.4477	0.999
54.4727	0.985
54.4978	0.983
54.5229	0.978
54.5479	0.964
54.5730	0.963
54.5980	0.953
54.6230	0.941
54.6481	0.941
54.6732	0.927
54.6982	0.921
54.7233	0.920
54.7483	0.907
54.7734	0.904
54.7985	0.899
54.8236	0.893
54.8486	0.887
54.8737	0.880
54.8987	0.864
54.9238	0.868
54.9489	0.863
54.9739	0.850
54.9990	0.842
55.0241	0.846
55.0491	0.834
55.0741	0.816
55.0992	0.817
55.1244	0.827
55.1494	0.819
55.1745	0.808
55.1995	0.801
55.2246	0.804
55.2497	0.804
55.2748	0.797
55.2999	0.794
55.3249	0.782
55.3500	0.780
55.3751	0.781
55.4002	0.775
55.4254	0.791
55.4504	0.779
55.4755	0.775
55.5006	0.782
55.5257	0.782
55.5508	0.781
55.5759	0.775
55.6010	0.782
55.6261	0.776
55.6512	0.781
55.6763	0.788
55.7014	0.779
55.7265	0.785
55.7516	0.783
55.7767	0.786
55.8018	0.785
55.8270	0.794
55.8521	0.802
55.8773	0.812
55.9024	0.806
55.9275	0.813
55.9526	0.813
55.9778	0.825
56.0029	0.830
56.0280	0.837
56.0531	0.835
56.0783	0.843
56.1034	0.850
56.1286	0.858
56.1537	0.860
56.1788	0.870
56.2040	0.876
56.2291	0.879
56.2542	0.884
56.2794	0.894
56.3045	0.901
56.3296	0.904
56.3548	0.913
56.3799	0.921
56.4050	0.920
56.4302	0.931
56.4553	0.935
56.4805	0.948
56.5056	0.955
56.5308	0.963
56.5559	0.970
56.5810	0.977
56.6062	0.982
56.6313	0.991
56.6565	0.998
56.6816	1.006
56.7068	1.013
56.7318	1.010
56.7570	1.027
56.7822	1.034
56.8073	1.038
56.8324	1.041
56.8576	1.055
56.8827	1.049
56.9079	1.067
56.9330	1.069
56.9581	1.080
56.9833	1.088
57.0084	1.095
57.0335	1.094
57.0587	1.104
57.0838	1.111
57.1089	1.110
57.1340	1.111
57.1592	1.120
57.1844	1.137
57.2095	1.141
57.2346	1.141
57.2597	1.147
57.2849	1.150
57.3100	1.162
57.3351	1.158
57.3603	1.172
57.3854	1.169
57.4105	1.170
57.4356	1.181
57.4607	1.183
57.4858	1.182
57.5110	1.189
57.5361	1.192
57.5611	1.183
57.5863	1.195
57.6114	1.193
57.6365	1.195
57.6616	1.186
57.6868	1.203
57.7118	1.200
57.7369	1.194
57.7620	1.201
57.7871	1.200
57.8122	1.195
57.8370	1.133
57.8624	1.194
57.8875	1.192
57.9126	1.192
57.9377	1.189
57.9628	1.187
57.9879	1.189
58.0129	1.172
58.0381	1.185
58.0631	1.182
58.0882	1.179
58.1133	1.173
58.1384	1.169
58.1634	1.157
58.1885	1.157
58.2136	1.155
58.2386	1.133
58.2637	1.135
58.2887	1.130
58.3139	1.132
58.3389	1.126
58.3640	1.121
58.3890	1.109
58.4141	1.106
58.4392	1.100
58.4642	1.097
58.4892	1.078
58.5144	1.089
58.5395	1.082
58.5645	1.075
58.5896	1.069
58.6146	1.062
58.6397	1.056
58.6648	1.048
58.6898	1.042
58.7149	1.035
58.7399	1.025
58.7650	1.021
58.7900	1.010
58.8151	1.007
58.8402	0.999
58.8652	0.989
58.8903	0.982
58.9154	0.979
58.9404	0.972
58.9655	0.964
58.9905	0.947
59.0155	0.941
59.0406	0.941
59.0657	0.927
59.0907	0.921
59.1158	0.924
59.1409	0.913
59.1659	0.905
59.1910	0.902
59.2161	0.898
59.2412	0.892
59.2662	0.886
59.2913	0.880
59.3163	0.867
59.3414	0.866
59.3665	0.863
59.3915	0.848
59.4166	0.846
59.4417	0.848
59.4668	0.843
59.4918	0.829
59.5168	0.820
59.5419	0.820
59.5671	0.826
59.5921	0.812
59.6171	0.799
59.6422	0.797
59.6673	0.795
59.6924	0.796
59.7175	0.800
59.7426	0.801
59.7677	0.788
59.7927	0.780
59.8178	0.776
59.8429	0.777
59.8680	0.778
59.8931	0.778
59.9182	0.778
59.9433	0.778
59.9684	0.778
59.9935	0.772
60.0186	0.777
60.0437	0.777
60.0688	0.774
60.0939	0.779
60.1190	0.785
60.1442	0.790
60.1693	0.800
60.1944	0.798
60.2195	0.802
60.2446	0.801
60.2697	0.803
60.2948	0.793
60.3200	0.810
60.3451	0.822
60.3702	0.822
60.3954	0.826
60.4205	0.831
60.4456	0.836
60.4708	0.847
60.4959	0.853
60.5210	0.851
60.5462	0.863
60.5713	0.872
60.5965	0.877
60.6216	0.883
60.6467	0.886
60.6719	0.892
60.6970	0.902
60.7221	0.905
60.7473	0.914
60.7724	0.920
60.7975	0.924
60.8227	0.933
60.8478	0.940
60.8730	0.944
60.8981	0.954
60.9232	0.958
60.9484	0.967
60.9735	0.974
60.9987	0.981
61.0238	0.977
61.0489	0.994
61.0741	0.999
61.0992	1.008
61.1244	1.016
61.1495	1.022
61.1747	1.029
61.1997	1.019
61.2249	1.033
61.2501	1.046
61.2752	1.053
61.3003	1.052
61.3254	1.063
61.3506	1.069
61.3757	1.078
61.4009	1.088
61.4260	1.090
61.4512	1.100
61.4763	1.102
61.5013	1.091
61.5266	1.117
61.5516	1.112
61.5768	1.124
61.6019	1.129
61.6270	1.127
61.6522	1.144
61.6773	1.148
61.7024	1.142
61.7275	1.145
61.7526	1.146
61.7778	1.161
61.8029	1.163
61.8280	1.164
61.8531	1.157
61.8783	1.173
61.9034	1.182
61.9285	1.178
61.9536	1.176
61.9787	1.175
62.0039	1.188
62.0289	1.179
62.0538	1.142
62.0792	1.187
62.1042	1.181
62.1294	1.188
62.1544	1.178
62.1796	1.192
62.2047	1.192
62.2297	1.181
62.2549	1.193
62.2800	1.192
62.3050	1.174
62.3302	1.189
62.3553	1.185
62.3803	1.181
62.4054	1.180
62.4305	1.178
62.4556	1.171
62.4806	1.163
62.5058	1.167
62.5308	1.157
62.5559	1.161
62.5809	1.146
62.6060	1.148
62.6311	1.149
62.6562	1.144
62.6811	1.115
62.7063	1.130
62.7314	1.130
62.7565	1.125
62.7816	1.119
62.8066	1.107
62.8317	1.105
62.8567	1.091
62.8818	1.088
62.9069	1.090
62.9320	1.084
62.9570	1.078
62.9821	1.069
63.0071	1.062
63.0321	1.045
63.0573	1.053
63.0823	1.046
63.1074	1.037
63.1324	1.023
63.1575	1.026
63.1826	1.020
63.2076	1.010
63.2327	1.007
63.2578	0.997
63.2828	0.990
63.3078	0.975
63.3330	0.980
63.3580	0.966
63.3831	0.966
63.4081	0.953
63.4331	0.940
63.4583	0.944
63.4833	0.933
63.5084	0.927
63.5334	0.925
63.5585	0.914
63.5835	0.907
63.6087	0.909
63.6337	0.900
63.6588	0.897
63.6838	0.880
63.7089	0.886
63.7340	0.880
63.7590	0.868
63.7841	0.866
63.8092	0.862
63.8342	0.852
63.8593	0.848
63.8844	0.848
63.9094	0.838
63.9346	0.842
63.9596	0.823
63.9847	0.828
64.0098	0.828
64.0349	0.827
64.0599	0.813
64.0850	0.814
64.1101	0.811
64.1351	0.802
64.1602	0.796
64.1853	0.798
64.2104	0.803
64.2355	0.802
64.2606	0.797
64.2857	0.796
64.3108	0.792
64.3359	0.802
64.3610	0.798
64.3861	0.795
64.4112	0.798
64.4363	0.795
64.4614	0.793
64.4865	0.804
64.5116	0.798
64.5367	0.803
64.5618	0.802
64.5869	0.804
64.6121	0.807
64.6371	0.798
64.6623	0.807
64.6874	0.813
64.7126	0.825
64.7377	0.827
64.7628	0.823
64.7879	0.835
64.8130	0.832
64.8381	0.837
64.8633	0.844
64.8884	0.849
64.9135	0.849
64.9387	0.865
64.9638	0.870
64.9890	0.875
65.0141	0.880
65.0392	0.886
65.0644	0.891
65.0895	0.897
65.1146	0.903
65.1397	0.906
65.1649	0.911
65.1900	0.918
65.2152	0.927
65.2403	0.931
65.2654	0.937
65.2906	0.946
65.3157	0.950
65.3408	0.959
65.3660	0.963
65.3911	0.971
65.4163	0.978
65.4414	0.985
65.4665	0.989
65.4917	0.998
65.5168	0.998
65.5419	1.011
65.5671	1.012
65.5922	1.024
65.6174	1.030
65.6425	1.035
65.6676	1.043
65.6928	1.047
65.7179	1.053
65.7430	1.051
65.7682	1.065
65.7932	1.057
65.8184	1.077
65.8436	1.086
65.8687	1.081
65.8938	1.092
65.9189	1.096
65.9441	1.105
65.9692	1.106
65.9944	1.116
66.0195	1.120
66.0446	1.119
66.0697	1.122
66.0948	1.131
66.1200	1.139
66.1451	1.143
66.1702	1.147
66.1953	1.147
66.2205	1.155
66.2456	1.162
66.2707	1.160
66.2958	1.153
66.3210	1.169
66.3461	1.172
66.3712	1.174
66.3963	1.176
66.4214	1.175
66.4465	1.169
66.4716	1.177
66.4967	1.178
66.5218	1.182
66.5469	1.173
66.5720	1.183
66.5971	1.180
66.6223	1.184
66.6474	1.186
66.6724	1.184
66.6975	1.179
66.7227	1.184
66.7477	1.180
66.7728	1.179
66.7979	1.169
66.8230	1.174
66.8481	1.174
66.8731	1.161
66.8982	1.158
66.9233	1.160
66.9484	1.161
66.9734	1.146
66.9986	1.154
67.0237	1.150
67.0487	1.146
67.0737	1.131
67.0988	1.130
67.1240	1.133
67.1490	1.125
67.1741	1.119
67.1992	1.119
67.2242	1.113
67.2493	1.108
67.2744	1.099
67.2994	1.097
67.3245	1.092
67.3495	1.079
67.3746	1.078
67.3997	1.067
67.4247	1.062
67.4498	1.055
67.4749	1.054
67.4999	1.040
67.5250	1.044
67.5499	1.010
67.5751	1.028
67.6002	1.025
67.6252	1.008
67.6504	1.013
67.6754	1.006
67.7005	0.999
67.7255	0.992
67.7506	0.983
67.7756	0.976
67.8007	0.964
67.8258	0.964
67.8508	0.958
67.8759	0.954
67.9010	0.944
67.9260	0.932
67.9510	0.923
67.9761	0.920
68.0012	0.918
68.0263	0.911
68.0514	0.912
68.0764	0.904
68.1015	0.897
68.1266	0.895
