Tempo	Posicao
0.0333	1.414
0.0584	1.412
0.0835	1.408
0.1085	1.407
0.1336	1.403
0.1587	1.400
0.1838	1.390
0.2088	1.382
0.2338	1.372
0.2589	1.360
0.2839	1.348
0.3089	1.334
0.3339	1.321
0.3590	1.304
0.3839	1.283
0.4089	1.267
0.4340	1.253
0.4590	1.245
0.4840	1.229
0.5090	1.216
0.5340	1.200
0.5591	1.187
0.5841	1.171
0.6091	1.157
0.6341	1.140
0.6591	1.120
0.6841	1.102
0.7090	1.079
0.7340	1.061
0.7590	1.043
0.7840	1.022
0.8090	1.005
0.8340	0.987
0.8590	0.970
0.8840	0.952
0.9090	0.935
0.9340	0.917
0.9590	0.901
0.9840	0.884
1.0090	0.867
1.0340	0.850
1.0590	0.834
1.0840	0.817
1.1090	0.801
1.1340	0.785
1.1590	0.770
1.1840	0.741
1.2090	0.726
1.2340	0.716
1.2589	0.683
1.2839	0.666
1.3089	0.649
1.3340	0.633
1.3590	0.617
1.3840	0.606
1.4090	0.594
1.4340	0.581
1.4591	0.571
1.4841	0.562
1.5092	0.551
1.5342	0.543
1.5593	0.536
1.5844	0.530
1.6094	0.526
1.6345	0.522
1.6596	0.520
1.6847	0.517
1.7098	0.516
1.7349	0.515
1.7600	0.514
1.7851	0.515
1.8102	0.517
1.8353	0.522
1.8604	0.525
1.8855	0.529
1.9107	0.534
1.9358	0.540
1.9609	0.546
1.9861	0.553
2.0112	0.560
2.0364	0.572
2.0615	0.581
2.0867	0.597
2.1119	0.607
2.1371	0.617
2.1622	0.629
2.1874	0.645
2.2126	0.660
2.2378	0.684
2.2631	0.707
2.2883	0.729
2.3135	0.743
2.3387	0.757
2.3639	0.771
2.3890	0.788
2.4142	0.803
2.4394	0.818
2.4646	0.834
2.4898	0.849
2.5150	0.865
2.5402	0.880
2.5654	0.897
2.5906	0.912
2.6158	0.927
2.6410	0.945
2.6662	0.961
2.6914	0.977
2.7165	0.993
2.7417	1.010
2.7669	1.026
2.7921	1.042
2.8173	1.058
2.8425	1.074
2.8677	1.090
2.8929	1.106
2.9181	1.122
2.9433	1.138
2.9685	1.155
2.9937	1.171
3.0189	1.186
3.0441	1.201
3.0692	1.216
3.0944	1.233
3.1196	1.247
3.1448	1.264
3.1700	1.280
3.1952	1.297
3.2204	1.313
3.2456	1.324
3.2707	1.335
3.2959	1.343
3.3210	1.353
3.3462	1.359
3.3713	1.362
3.3964	1.369
3.4216	1.374
3.4467	1.381
3.4718	1.387
3.4969	1.389
3.5221	1.393
3.5472	1.395
3.5723	1.397
3.5974	1.397
3.6225	1.398
3.6476	1.400
3.6727	1.400
3.6978	1.397
3.7229	1.396
3.7480	1.397
3.7731	1.395
3.7982	1.394
3.8232	1.386
3.8483	1.389
3.8734	1.384
3.8985	1.381
3.9236	1.373
3.9486	1.367
3.9737	1.361
3.9987	1.353
4.0238	1.344
4.0488	1.334
4.0739	1.324
4.0989	1.316
4.1240	1.305
4.1490	1.293
4.1740	1.281
4.1991	1.272
4.2241	1.260
4.2491	1.246
4.2741	1.233
4.2992	1.219
4.3242	1.204
4.3492	1.187
4.3742	1.172
4.3992	1.155
4.4242	1.139
4.4492	1.122
4.4742	1.106
4.4992	1.091
4.5242	1.075
4.5492	1.060
4.5742	1.042
4.5992	1.026
4.6242	1.010
4.6493	0.995
4.6743	0.980
4.6993	0.964
4.7243	0.949
4.7493	0.934
4.7743	0.918
4.7993	0.903
4.8243	0.888
4.8493	0.873
4.8744	0.859
4.8994	0.844
4.9244	0.830
4.9494	0.815
4.9744	0.802
4.9994	0.788
5.0245	0.772
5.0495	0.759
5.0745	0.747
5.0995	0.729
5.1245	0.711
5.1495	0.689
5.1745	0.673
5.1995	0.663
5.2245	0.649
5.2496	0.640
5.2746	0.623
5.2996	0.614
5.3247	0.603
5.3497	0.595
5.3748	0.589
5.3998	0.580
5.4249	0.571
5.4500	0.570
5.4751	0.566
5.5001	0.563
5.5252	0.560
5.5503	0.555
5.5754	0.554
5.6005	0.554
5.6256	0.554
5.6507	0.556
5.6758	0.558
5.7009	0.561
5.7260	0.564
5.7512	0.571
5.7763	0.576
5.8014	0.581
5.8266	0.587
5.8517	0.597
5.8769	0.608
5.9020	0.616
5.9272	0.628
5.9524	0.636
5.9775	0.650
6.0027	0.663
6.0279	0.680
6.0532	0.709
6.0784	0.722
6.1035	0.735
6.1287	0.747
6.1539	0.760
6.1791	0.772
6.2042	0.785
6.2294	0.798
6.2546	0.812
6.2798	0.825
6.3049	0.839
6.3301	0.853
6.3553	0.867
6.3805	0.881
6.4057	0.895
6.4308	0.907
6.4560	0.922
6.4812	0.939
6.5064	0.953
6.5316	0.968
6.5568	0.983
6.5820	0.998
6.6072	1.012
6.6323	1.027
6.6575	1.041
6.6827	1.056
6.7079	1.070
6.7331	1.085
6.7583	1.099
6.7834	1.113
6.8086	1.127
6.8338	1.140
6.8590	1.155
6.8842	1.171
6.9094	1.184
6.9345	1.197
6.9597	1.211
6.9849	1.223
7.0101	1.238
7.0353	1.253
7.0604	1.265
7.0856	1.276
7.1108	1.290
7.1359	1.304
7.1611	1.315
7.1863	1.327
7.2115	1.346
7.2367	1.358
7.2617	1.352
7.2868	1.349
7.3119	1.354
7.3371	1.358
7.3622	1.362
7.3873	1.368
7.4124	1.368
7.4376	1.375
7.4627	1.375
7.4878	1.377
7.5129	1.377
7.5380	1.379
7.5631	1.379
7.5882	1.378
7.6133	1.374
7.6383	1.372
7.6634	1.369
7.6885	1.369
7.7136	1.366
7.7387	1.363
7.7638	1.356
7.7888	1.351
7.8139	1.347
7.8390	1.340
7.8640	1.333
7.8891	1.325
7.9141	1.317
7.9392	1.311
7.9642	1.303
7.9893	1.296
8.0143	1.286
8.0394	1.275
8.0644	1.264
8.0895	1.253
8.1145	1.238
8.1395	1.226
8.1645	1.213
8.1896	1.201
8.2146	1.188
8.2396	1.172
8.2646	1.156
8.2896	1.143
8.3146	1.129
8.3397	1.116
8.3647	1.102
8.3897	1.088
8.4147	1.074
8.4397	1.058
8.4647	1.043
8.4898	1.029
8.5148	1.015
8.5398	1.001
8.5648	0.987
8.5898	0.973
8.6148	0.959
8.6399	0.945
8.6649	0.932
8.6899	0.918
8.7149	0.902
8.7399	0.890
8.7650	0.877
8.7900	0.864
8.8150	0.851
8.8400	0.838
8.8651	0.825
8.8901	0.809
8.9151	0.797
8.9401	0.786
8.9651	0.766
8.9902	0.762
9.0152	0.737
9.0402	0.730
9.0653	0.722
9.0902	0.702
9.1153	0.690
9.1403	0.676
9.1653	0.664
9.1904	0.657
9.2154	0.644
9.2405	0.637
9.2655	0.630
9.2906	0.617
9.3156	0.615
9.3407	0.607
9.3658	0.603
9.3908	0.596
9.4159	0.592
9.4410	0.590
9.4661	0.588
9.4912	0.587
9.5163	0.587
9.5414	0.587
9.5665	0.588
9.5916	0.590
9.6167	0.592
9.6418	0.591
9.6669	0.595
9.6921	0.601
9.7172	0.606
9.7423	0.615
9.7675	0.623
9.7926	0.631
9.8178	0.644
9.8430	0.651
9.8681	0.659
9.8933	0.671
9.9184	0.680
9.9436	0.699
9.9689	0.724
9.9941	0.737
10.0192	0.745
10.0444	0.758
10.0695	0.768
10.0947	0.780
10.1199	0.791
10.1450	0.803
10.1702	0.815
10.1954	0.827
10.2206	0.840
10.2457	0.852
10.2709	0.865
10.2961	0.878
10.3213	0.891
10.3464	0.904
10.3716	0.917
10.3968	0.930
10.4220	0.944
10.4471	0.957
10.4723	0.971
10.4975	0.984
10.5227	0.998
10.5478	1.011
10.5730	1.024
10.5982	1.038
10.6234	1.051
10.6486	1.064
10.6737	1.073
10.6989	1.090
10.7241	1.103
10.7492	1.113
10.7744	1.126
10.7996	1.142
10.8248	1.155
10.8500	1.169
10.8751	1.181
10.9003	1.192
10.9255	1.204
10.9506	1.215
10.9758	1.227
11.0010	1.237
11.0261	1.251
11.0513	1.261
11.0765	1.273
11.1016	1.283
11.1268	1.294
11.1519	1.303
11.1771	1.311
11.2022	1.321
11.2274	1.325
11.2525	1.330
11.2776	1.337
11.3028	1.342
11.3279	1.347
11.3530	1.347
11.3781	1.350
11.4032	1.353
11.4284	1.356
11.4535	1.361
11.4786	1.361
11.5037	1.362
11.5288	1.362
11.5539	1.362
11.5790	1.360
11.6040	1.355
11.6291	1.353
11.6542	1.350
11.6793	1.346
11.7044	1.345
11.7294	1.337
11.7545	1.332
11.7796	1.326
11.8047	1.323
11.8297	1.316
11.8548	1.307
11.8798	1.302
11.9049	1.294
11.9300	1.289
11.9550	1.277
11.9801	1.271
12.0051	1.258
12.0301	1.248
12.0551	1.235
12.0802	1.224
12.1052	1.213
12.1303	1.202
12.1553	1.187
12.1803	1.175
12.2053	1.161
12.2303	1.149
12.2554	1.137
12.2804	1.124
12.3054	1.112
12.3305	1.099
12.3555	1.087
12.3805	1.074
12.4055	1.059
12.4305	1.046
12.4556	1.033
12.4806	1.020
12.5056	1.007
12.5307	0.994
12.5557	0.981
12.5807	0.969
12.6057	0.956
12.6308	0.943
12.6558	0.930
12.6808	0.918
12.7058	0.905
12.7309	0.893
12.7559	0.881
12.7809	0.869
12.8060	0.857
12.8310	0.845
12.8560	0.833
12.8810	0.822
12.9061	0.811
12.9311	0.800
12.9561	0.786
12.9812	0.775
13.0062	0.766
13.0312	0.752
13.0563	0.747
13.0813	0.733
13.1064	0.726
13.1314	0.716
13.1564	0.695
13.1815	0.687
13.2065	0.674
13.2315	0.667
13.2566	0.661
13.2817	0.652
13.3067	0.643
13.3318	0.642
13.3569	0.638
13.3820	0.635
13.4070	0.625
13.4321	0.622
13.4572	0.620
13.4823	0.619
13.5074	0.622
13.5325	0.623
13.5576	0.623
13.5827	0.628
13.6078	0.630
13.6329	0.629
13.6580	0.631
13.6832	0.638
13.7083	0.646
13.7334	0.650
13.7586	0.653
13.7837	0.660
13.8089	0.671
13.8341	0.685
13.8592	0.698
13.8843	0.699
13.9095	0.717
13.9347	0.728
13.9599	0.738
13.9850	0.747
14.0102	0.759
14.0353	0.768
14.0605	0.778
14.0857	0.788
14.1108	0.799
14.1360	0.809
14.1611	0.820
14.1863	0.831
14.2115	0.842
14.2366	0.854
14.2618	0.866
14.2870	0.877
14.3121	0.889
14.3373	0.901
14.3625	0.913
14.3876	0.921
14.4128	0.933
14.4380	0.950
14.4632	0.962
14.4883	0.974
14.5135	0.984
14.5387	0.999
14.5638	1.011
14.5890	1.024
14.6142	1.036
14.6394	1.048
14.6645	1.060
14.6897	1.072
14.7149	1.084
14.7400	1.096
14.7652	1.098
14.7903	1.105
14.8155	1.120
14.8407	1.136
14.8659	1.150
14.8910	1.165
14.9162	1.172
14.9414	1.189
14.9665	1.199
14.9917	1.209
15.0169	1.219
15.0420	1.229
15.0672	1.238
15.0923	1.249
15.1175	1.258
15.1426	1.269
15.1678	1.277
15.1929	1.285
15.2181	1.295
15.2433	1.304
15.2684	1.314
15.2935	1.319
15.3187	1.324
15.3438	1.329
15.3689	1.332
15.3940	1.334
15.4191	1.332
15.4442	1.338
15.4694	1.340
15.4945	1.341
15.5196	1.339
15.5447	1.338
15.5698	1.338
15.5948	1.334
15.6199	1.326
15.6450	1.327
15.6700	1.314
15.6951	1.311
15.7202	1.307
15.7452	1.300
15.7703	1.299
15.7954	1.298
15.8205	1.289
15.8455	1.283
15.8706	1.280
15.8957	1.271
15.9207	1.262
15.9458	1.260
15.9708	1.251
15.9959	1.244
16.0210	1.242
16.0461	1.236
16.0711	1.228
16.0962	1.218
16.1212	1.206
16.1462	1.196
16.1712	1.182
16.1963	1.172
16.2213	1.161
16.2464	1.150
16.2714	1.139
16.2964	1.128
16.3215	1.117
16.3465	1.105
16.3715	1.094
16.3965	1.080
16.4216	1.068
16.4466	1.056
16.4716	1.044
16.4967	1.032
16.5217	1.021
16.5467	1.009
16.5718	0.997
16.5968	0.985
16.6218	0.973
16.6469	0.961
16.6719	0.949
16.6969	0.938
16.7220	0.926
16.7470	0.913
16.7720	0.901
16.7971	0.892
16.8221	0.881
16.8471	0.870
16.8722	0.859
16.8972	0.848
16.9222	0.837
16.9473	0.827
16.9723	0.817
16.9973	0.805
17.0224	0.794
17.0474	0.785
17.0725	0.773
17.0975	0.763
17.1225	0.752
17.1476	0.744
17.1727	0.743
17.1977	0.724
17.2227	0.714
17.2478	0.708
17.2728	0.694
17.2979	0.698
17.3229	0.683
17.3480	0.674
17.3730	0.666
17.3981	0.663
17.4232	0.663
17.4483	0.656
17.4734	0.654
17.4984	0.648
17.5235	0.643
17.5486	0.642
17.5737	0.641
17.5988	0.642
17.6239	0.645
17.6490	0.647
17.6741	0.648
17.6992	0.650
17.7244	0.656
17.7495	0.663
17.7747	0.671
17.7998	0.668
17.8249	0.672
17.8500	0.681
17.8751	0.682
17.9003	0.692
17.9254	0.699
17.9506	0.715
17.9758	0.720
18.0009	0.727
18.0261	0.742
18.0513	0.761
18.0764	0.770
18.1016	0.778
18.1267	0.788
18.1519	0.799
18.1771	0.809
18.2022	0.818
18.2274	0.828
18.2525	0.839
18.2777	0.849
18.3029	0.859
18.3280	0.870
18.3532	0.881
18.3784	0.891
18.4035	0.902
18.4287	0.913
18.4538	0.925
18.4790	0.936
18.5042	0.947
18.5293	0.958
18.5545	0.970
18.5797	0.981
18.6048	0.993
18.6300	1.004
18.6551	1.009
18.6803	1.020
18.7054	1.025
18.7306	1.042
18.7558	1.050
18.7809	1.058
18.8061	1.068
18.8312	1.077
18.8564	1.087
18.8815	1.097
18.9068	1.115
18.9319	1.122
18.9571	1.132
18.9822	1.139
19.0074	1.156
19.0325	1.165
19.0577	1.181
19.0829	1.186
19.1081	1.203
19.1332	1.212
19.1584	1.223
19.1835	1.232
19.2087	1.242
19.2338	1.250
19.2590	1.257
19.2841	1.266
19.3093	1.273
19.3344	1.272
19.3595	1.270
19.3846	1.274
19.4098	1.294
19.4350	1.304
19.4601	1.308
19.4852	1.311
19.5103	1.314
19.5354	1.317
19.5605	1.321
19.5857	1.323
19.6107	1.320
19.6358	1.321
19.6609	1.320
19.6860	1.320
19.7111	1.319
19.7362	1.317
19.7613	1.315
19.7864	1.313
19.8115	1.309
19.8366	1.305
19.8616	1.301
19.8867	1.297
19.9118	1.292
19.9369	1.287
19.9619	1.281
19.9870	1.275
20.0120	1.266
20.0371	1.259
20.0621	1.250
20.0872	1.241
20.1122	1.233
20.1373	1.223
20.1623	1.214
20.1874	1.205
20.2124	1.196
20.2375	1.184
20.2625	1.175
20.2875	1.165
20.3126	1.155
20.3376	1.146
20.3627	1.135
20.3877	1.125
20.4128	1.115
20.4378	1.105
20.4628	1.092
20.4879	1.081
20.5129	1.070
20.5379	1.060
20.5630	1.048
20.5880	1.038
20.6130	1.026
20.6381	1.015
20.6631	1.005
20.6881	0.993
20.7132	0.983
20.7382	0.972
20.7633	0.961
20.7883	0.950
20.8133	0.939
20.8384	0.928
20.8634	0.918
20.8884	0.905
20.9135	0.897
20.9385	0.886
20.9636	0.877
20.9886	0.866
21.0136	0.857
21.0387	0.847
21.0637	0.837
21.0888	0.827
21.1138	0.818
21.1389	0.809
21.1639	0.800
21.1890	0.789
21.2140	0.784
21.2391	0.774
21.2641	0.767
21.2892	0.760
21.3142	0.744
21.3393	0.745
21.3643	0.724
21.3893	0.712
21.4144	0.710
21.4395	0.708
21.4645	0.697
21.4896	0.693
21.5147	0.700
21.5398	0.700
21.5649	0.686
21.5899	0.680
21.6150	0.672
21.6401	0.670
21.6651	0.665
21.6902	0.664
21.7153	0.664
21.7404	0.665
21.7656	0.670
21.7907	0.671
21.8158	0.673
21.8409	0.681
21.8661	0.691
21.8912	0.698
21.9163	0.699
21.9415	0.710
21.9666	0.714
21.9918	0.726
22.0169	0.721
22.0420	0.734
22.0672	0.736
22.0923	0.750
22.1175	0.757
22.1426	0.764
22.1678	0.773
22.1929	0.781
22.2181	0.789
22.2432	0.797
22.2684	0.805
22.2935	0.814
22.3187	0.823
22.3438	0.832
22.3690	0.841
22.3941	0.851
22.4193	0.861
22.4444	0.870
22.4696	0.880
22.4947	0.890
22.5199	0.900
22.5451	0.910
22.5702	0.920
22.5954	0.931
22.6205	0.941
22.6457	0.952
22.6709	0.962
22.6960	0.973
22.7211	0.974
22.7463	0.977
22.7714	0.994
22.7966	1.005
22.8218	1.025
22.8470	1.036
22.8722	1.047
22.8973	1.051
22.9225	1.064
22.9476	1.068
22.9728	1.081
22.9979	1.091
23.0231	1.101
23.0482	1.111
23.0734	1.127
23.0986	1.137
23.1237	1.146
23.1489	1.155
23.1741	1.167
23.1992	1.175
23.2244	1.184
23.2495	1.192
23.2746	1.201
23.2998	1.208
23.3249	1.216
23.3501	1.223
23.3752	1.230
23.4004	1.239
23.4255	1.246
23.4506	1.252
23.4758	1.257
23.5009	1.265
23.5261	1.270
23.5512	1.274
23.5763	1.278
23.6014	1.279
23.6265	1.285
23.6517	1.291
23.6768	1.290
23.7019	1.292
23.7270	1.296
23.7521	1.297
23.7772	1.298
23.8023	1.294
23.8274	1.287
23.8524	1.282
23.8775	1.284
23.9026	1.279
23.9277	1.278
23.9527	1.267
23.9778	1.265
24.0029	1.264
24.0280	1.261
24.0531	1.260
24.0782	1.260
24.1033	1.258
24.1284	1.253
24.1534	1.250
24.1785	1.241
24.2035	1.235
24.2286	1.228
24.2537	1.221
24.2787	1.213
24.3038	1.203
24.3288	1.195
24.3539	1.187
24.3789	1.179
24.4040	1.170
24.4290	1.162
24.4541	1.153
24.4791	1.141
24.5042	1.135
24.5292	1.125
24.5542	1.114
24.5793	1.106
24.6043	1.097
24.6294	1.085
24.6544	1.074
24.6795	1.065
24.7045	1.054
24.7295	1.044
24.7546	1.034
24.7796	1.024
24.8047	1.014
24.8297	1.003
24.8547	0.993
24.8798	0.983
24.9048	0.973
24.9299	0.963
24.9549	0.953
24.9800	0.943
25.0050	0.932
25.0300	0.923
25.0551	0.911
25.0801	0.901
25.1052	0.894
25.1302	0.884
25.1553	0.875
25.1803	0.866
25.2054	0.857
25.2304	0.848
25.2554	0.839
25.2805	0.830
25.3056	0.823
25.3306	0.814
25.3557	0.807
25.3807	0.799
25.4058	0.792
25.4308	0.784
25.4559	0.776
25.4810	0.771
25.5060	0.763
25.5310	0.752
25.5560	0.734
25.5812	0.746
25.6063	0.741
25.6313	0.730
25.6564	0.723
25.6815	0.730
25.7066	0.727
25.7317	0.724
25.7568	0.722
25.7818	0.708
25.8069	0.704
25.8320	0.702
25.8570	0.701
25.8821	0.698
25.9072	0.698
25.9323	0.701
25.9575	0.710
25.9826	0.708
26.0077	0.706
26.0328	0.716
26.0580	0.726
26.0831	0.729
26.1082	0.733
26.1334	0.737
26.1585	0.741
26.1836	0.742
26.2087	0.750
26.2338	0.751
26.2590	0.763
26.2841	0.769
26.3093	0.775
26.3344	0.780
26.3596	0.789
26.3847	0.796
26.4098	0.803
26.4350	0.809
26.4601	0.819
26.4853	0.827
26.5104	0.835
26.5356	0.844
26.5607	0.853
26.5859	0.862
26.6110	0.870
26.6362	0.880
26.6613	0.889
26.6865	0.897
26.7116	0.907
26.7368	0.916
26.7620	0.926
26.7871	0.932
26.8122	0.936
26.8373	0.942
26.8625	0.955
26.8877	0.965
26.9128	0.975
26.9380	0.992
26.9631	0.992
26.9883	0.998
27.0134	1.007
27.0386	1.020
27.0637	1.026
27.0889	1.032
27.1140	1.039
27.1392	1.048
27.1643	1.061
27.1895	1.070
27.2147	1.083
27.2398	1.092
27.2650	1.100
27.2901	1.113
27.3153	1.125
27.3405	1.142
27.3657	1.153
27.3908	1.162
27.4160	1.169
27.4411	1.180
27.4663	1.187
27.4914	1.194
27.5166	1.201
27.5417	1.208
27.5668	1.214
27.5920	1.220
27.6171	1.226
27.6422	1.232
27.6674	1.237
27.6925	1.242
27.7176	1.249
27.7428	1.253
27.7679	1.257
27.7930	1.261
27.8181	1.267
27.8432	1.269
27.8684	1.271
27.8935	1.273
27.9186	1.274
27.9437	1.275
27.9688	1.276
27.9939	1.276
28.0190	1.276
28.0441	1.275
28.0692	1.274
28.0943	1.273
28.1194	1.271
28.1444	1.269
28.1695	1.266
28.1946	1.263
28.2197	1.260
28.2448	1.254
28.2698	1.250
28.2949	1.245
28.3200	1.240
28.3450	1.234
28.3701	1.227
28.3952	1.221
28.4202	1.215
28.4453	1.208
28.4704	1.202
28.4954	1.195
28.5205	1.188
28.5455	1.181
28.5706	1.173
28.5956	1.165
28.6207	1.158
28.6458	1.149
28.6708	1.141
28.6959	1.133
28.7209	1.124
28.7459	1.113
28.7710	1.104
28.7960	1.095
28.8211	1.086
28.8461	1.077
28.8712	1.068
28.8962	1.058
28.9213	1.049
28.9463	1.040
28.9714	1.030
28.9964	1.021
29.0214	1.011
29.0465	1.002
29.0715	0.992
29.0966	0.982
29.1216	0.973
29.1467	0.963
29.1717	0.954
29.1968	0.945
29.2218	0.936
29.2469	0.926
29.2719	0.917
29.2969	0.908
29.3220	0.899
29.3470	0.890
29.3721	0.882
29.3971	0.873
29.4222	0.865
29.4472	0.856
29.4723	0.848
29.4974	0.840
29.5224	0.832
29.5475	0.825
29.5725	0.818
29.5976	0.811
29.6226	0.804
29.6477	0.797
29.6728	0.791
29.6978	0.785
29.7229	0.779
29.7480	0.772
29.7730	0.769
29.7981	0.764
29.8232	0.759
29.8482	0.752
29.8733	0.751
29.8984	0.748
29.9235	0.743
29.9485	0.728
29.9736	0.726
29.9987	0.721
30.0238	0.723
30.0489	0.726
30.0740	0.728
30.0991	0.732
30.1242	0.732
30.1493	0.724
30.1744	0.722
30.1995	0.722
30.2246	0.722
30.2497	0.726
30.2748	0.725
30.2999	0.735
30.3251	0.745
30.3502	0.752
30.3754	0.755
30.4005	0.760
30.4256	0.764
30.4507	0.767
30.4759	0.772
30.5010	0.777
30.5261	0.783
30.5513	0.791
30.5764	0.797
30.6015	0.804
30.6267	0.810
30.6518	0.818
30.6770	0.824
30.7021	0.832
30.7273	0.840
30.7524	0.847
30.7775	0.855
30.8027	0.863
30.8278	0.872
30.8530	0.880
30.8781	0.888
30.9033	0.897
30.9284	0.906
30.9536	0.914
30.9787	0.923
31.0039	0.932
31.0290	0.942
31.0542	0.950
31.0793	0.959
31.1045	0.969
31.1297	0.978
31.1548	0.987
31.1800	0.996
31.2051	1.003
31.2303	1.015
31.2554	1.024
31.2806	1.033
31.3057	1.042
31.3309	1.051
31.3560	1.060
31.3812	1.069
31.4063	1.078
31.4315	1.086
31.4566	1.095
31.4818	1.103
31.5069	1.112
31.5321	1.120
31.5572	1.128
31.5824	1.136
31.6075	1.144
31.6327	1.152
31.6578	1.159
31.6830	1.167
31.7081	1.175
31.7332	1.182
31.7584	1.189
31.7835	1.195
31.8087	1.201
31.8338	1.207
31.8589	1.212
31.8840	1.217
31.9092	1.222
31.9343	1.227
31.9594	1.231
31.9846	1.237
32.0097	1.241
32.0348	1.245
32.0599	1.248
32.0850	1.250
32.1102	1.252
32.1353	1.253
32.1604	1.256
32.1855	1.256
32.2106	1.257
32.2357	1.256
32.2608	1.257
32.2859	1.257
32.3110	1.256
32.3361	1.255
32.3612	1.253
32.3862	1.251
32.4113	1.249
32.4364	1.247
32.4615	1.244
32.4866	1.240
32.5117	1.236
32.5367	1.232
32.5618	1.228
32.5869	1.221
32.6119	1.216
32.6370	1.211
32.6621	1.205
32.6871	1.199
32.7122	1.194
32.7373	1.187
32.7623	1.181
32.7874	1.174
32.8125	1.167
32.8375	1.160
32.8626	1.153
32.8876	1.145
32.9127	1.138
32.9377	1.130
32.9628	1.122
32.9878	1.112
33.0129	1.104
33.0379	1.095
33.0630	1.087
33.0880	1.078
33.1131	1.069
33.1381	1.061
33.1632	1.052
33.1882	1.044
33.2133	1.035
33.2383	1.026
33.2634	1.017
33.2884	1.008
33.3135	0.999
33.3385	0.991
33.3636	0.982
33.3886	0.973
33.4137	0.964
33.4387	0.955
33.4638	0.947
33.4888	0.938
33.5139	0.929
33.5389	0.920
33.5640	0.912
33.5890	0.901
33.6141	0.896
33.6391	0.887
33.6642	0.880
33.6892	0.872
33.7143	0.864
33.7393	0.857
33.7644	0.849
33.7895	0.842
33.8145	0.835
33.8396	0.828
33.8646	0.822
33.8897	0.815
33.9148	0.809
33.9398	0.803
33.9649	0.795
33.9900	0.792
34.0150	0.787
34.0401	0.782
34.0652	0.776
34.0902	0.770
34.1153	0.768
34.1404	0.766
34.1655	0.763
34.1906	0.760
34.2157	0.754
34.2407	0.749
34.2658	0.750
34.2909	0.752
34.3160	0.749
34.3411	0.743
34.3662	0.740
34.3912	0.736
34.4163	0.730
34.4414	0.733
34.4666	0.748
34.4917	0.747
34.5168	0.749
34.5420	0.754
34.5670	0.753
34.5921	0.749
34.6173	0.756
34.6424	0.765
34.6676	0.772
34.6927	0.776
34.7178	0.780
34.7429	0.785
34.7681	0.789
34.7932	0.795
34.8183	0.800
34.8435	0.806
34.8686	0.812
34.8937	0.818
34.9189	0.824
34.9440	0.831
34.9691	0.838
34.9943	0.845
35.0194	0.852
35.0446	0.860
35.0697	0.867
35.0949	0.874
35.1200	0.882
35.1451	0.890
35.1703	0.898
35.1954	0.906
35.2206	0.915
35.2457	0.922
35.2709	0.931
35.2960	0.939
35.3212	0.948
35.3463	0.956
35.3715	0.965
35.3966	0.974
35.4218	0.982
35.4469	0.991
35.4721	0.997
35.4972	1.008
35.5224	1.017
35.5475	1.025
35.5727	1.031
35.5978	1.033
35.6230	1.046
35.6481	1.052
35.6733	1.064
35.6984	1.065
35.7235	1.079
35.7487	1.091
35.7739	1.099
35.7990	1.107
35.8242	1.115
35.8493	1.122
35.8744	1.126
35.8996	1.136
35.9247	1.144
35.9499	1.151
35.9750	1.157
36.0001	1.164
36.0253	1.172
36.0504	1.178
36.0756	1.184
36.1007	1.189
36.1258	1.195
36.1509	1.200
36.1761	1.205
36.2012	1.209
36.2263	1.213
36.2514	1.217
36.2766	1.221
36.3017	1.224
36.3268	1.227
36.3519	1.230
36.3770	1.232
36.4021	1.234
36.4273	1.236
36.4524	1.240
36.4775	1.241
36.5026	1.242
36.5277	1.241
36.5528	1.241
36.5779	1.241
36.6030	1.240
36.6281	1.239
36.6532	1.238
36.6783	1.236
36.7033	1.234
36.7284	1.232
36.7535	1.229
36.7786	1.224
36.8037	1.220
36.8287	1.217
36.8538	1.212
36.8789	1.208
36.9040	1.203
36.9290	1.199
36.9541	1.194
36.9792	1.189
37.0042	1.183
37.0293	1.177
37.0544	1.171
37.0794	1.165
37.1045	1.159
37.1296	1.152
37.1546	1.146
37.1797	1.138
37.2047	1.132
37.2298	1.124
37.2549	1.115
37.2799	1.107
37.3050	1.100
37.3300	1.092
37.3551	1.084
37.3801	1.076
37.4052	1.068
37.4302	1.060
37.4553	1.052
37.4803	1.044
37.5054	1.035
37.5304	1.027
37.5555	1.019
37.5805	1.011
37.6056	1.002
37.6306	0.994
37.6557	0.986
37.6808	0.977
37.7058	0.969
37.7309	0.961
37.7559	0.953
37.7810	0.945
37.8060	0.936
37.8311	0.928
37.8561	0.920
37.8812	0.911
37.9062	0.905
37.9313	0.897
37.9563	0.890
37.9814	0.882
38.0065	0.875
38.0315	0.868
38.0566	0.861
38.0816	0.854
38.1067	0.848
38.1318	0.841
38.1568	0.835
38.1819	0.829
38.2070	0.823
38.2320	0.817
38.2571	0.812
38.2822	0.807
38.3072	0.802
38.3323	0.795
38.3573	0.783
38.3824	0.786
38.4075	0.783
38.4326	0.779
38.4577	0.776
38.4828	0.773
38.5079	0.771
38.5330	0.771
38.5580	0.769
38.5831	0.767
38.6082	0.760
38.6333	0.765
38.6584	0.764
38.6835	0.764
38.7086	0.764
38.7337	0.764
38.7588	0.765
38.7839	0.763
38.8090	0.765
38.8341	0.766
38.8592	0.771
38.8843	0.770
38.9095	0.776
38.9346	0.776
38.9597	0.776
38.9848	0.779
39.0099	0.787
39.0351	0.790
39.0602	0.797
39.0853	0.802
39.1105	0.806
39.1356	0.811
39.1607	0.817
39.1859	0.823
39.2110	0.828
39.2361	0.834
39.2613	0.840
39.2864	0.847
39.3115	0.853
39.3367	0.860
39.3618	0.867
39.3870	0.874
39.4121	0.881
39.4372	0.888
39.4624	0.896
39.4875	0.903
39.5127	0.910
39.5378	0.918
39.5630	0.926
39.5881	0.934
39.6132	0.942
39.6384	0.950
39.6635	0.958
39.6887	0.965
39.7138	0.964
39.7389	0.974
39.7641	0.988
39.7892	0.985
39.8144	1.004
39.8395	1.010
39.8647	1.022
39.8898	1.028
39.9149	1.020
39.9400	1.022
39.9652	1.032
39.9903	1.045
40.0155	1.055
40.0406	1.059
40.0658	1.073
40.0909	1.074
40.1161	1.081
40.1413	1.099
40.1664	1.107
40.1916	1.116
40.2167	1.124
40.2418	1.130
40.2670	1.137
40.2921	1.147
40.3173	1.149
40.3424	1.155
40.3675	1.163
40.3927	1.168
40.4178	1.168
40.4429	1.182
40.4681	1.187
40.4932	1.191
40.5183	1.196
40.5434	1.200
40.5686	1.204
40.5937	1.207
40.6188	1.211
40.6439	1.213
40.6690	1.216
40.6942	1.218
40.7193	1.220
40.7444	1.222
40.7695	1.223
40.7946	1.225
40.8197	1.225
40.8448	1.226
40.8699	1.226
40.8950	1.226
40.9201	1.225
40.9452	1.225
40.9703	1.223
40.9954	1.222
41.0205	1.220
41.0456	1.218
41.0706	1.216
41.0957	1.213
41.1208	1.210
41.1459	1.207
41.1710	1.203
41.1960	1.199
41.2211	1.196
41.2462	1.191
41.2713	1.187
41.2963	1.182
41.3214	1.177
41.3465	1.172
41.3716	1.167
41.3966	1.161
41.4217	1.155
41.4467	1.149
41.4718	1.143
41.4969	1.136
41.5219	1.130
41.5470	1.121
41.5720	1.114
41.5971	1.107
41.6222	1.100
41.6472	1.093
41.6723	1.085
41.6973	1.078
41.7224	1.071
41.7475	1.063
41.7725	1.056
41.7976	1.048
41.8226	1.040
41.8477	1.033
41.8727	1.025
41.8978	1.017
41.9228	1.009
41.9479	1.001
41.9729	0.994
41.9980	0.986
42.0231	0.978
42.0481	0.970
42.0732	0.963
42.0982	0.955
42.1233	0.947
42.1483	0.939
42.1734	0.932
42.1984	0.925
42.2235	0.917
42.2486	0.910
42.2736	0.903
42.2987	0.896
42.3237	0.889
42.3488	0.882
42.3739	0.875
42.3989	0.869
42.4240	0.862
42.4490	0.856
42.4741	0.850
42.4992	0.844
42.5242	0.839
42.5493	0.833
42.5744	0.828
42.5995	0.823
42.6245	0.818
42.6496	0.810
42.6747	0.809
42.6997	0.805
42.7248	0.801
42.7499	0.797
42.7750	0.794
42.8001	0.791
42.8252	0.788
42.8502	0.785
42.8753	0.783
42.9004	0.781
42.9255	0.780
42.9506	0.776
42.9757	0.775
43.0008	0.777
43.0259	0.776
43.0510	0.776
43.0761	0.777
43.1012	0.775
43.1263	0.775
43.1514	0.775
43.1765	0.777
43.2016	0.779
43.2267	0.784
43.2518	0.786
43.2770	0.789
43.3021	0.792
43.3272	0.795
43.3523	0.798
43.3774	0.802
43.4026	0.806
43.4277	0.810
43.4528	0.815
43.4779	0.819
43.5031	0.824
43.5282	0.829
43.5533	0.834
43.5785	0.840
43.6036	0.846
43.6287	0.852
43.6539	0.858
43.6790	0.864
43.7041	0.870
43.7293	0.877
43.7544	0.883
43.7795	0.890
43.8047	0.897
43.8298	0.904
43.8550	0.911
43.8801	0.918
43.9052	0.925
43.9304	0.933
43.9555	0.940
43.9807	0.948
44.0058	0.955
44.0310	0.963
44.0561	0.971
44.0813	0.978
44.1064	0.986
44.1315	0.986
44.1566	0.988
44.1818	0.998
44.2069	1.006
44.2320	1.010
44.2571	1.011
44.2823	1.018
44.3074	1.026
44.3326	1.033
44.3577	1.041
44.3829	1.050
44.4080	1.057
44.4332	1.069
44.4583	1.079
44.4834	1.079
44.5086	1.088
44.5338	1.099
44.5589	1.113
44.5841	1.120
44.6092	1.125
44.6343	1.125
44.6595	1.141
44.6846	1.147
44.7098	1.152
44.7349	1.157
44.7600	1.163
44.7852	1.170
44.8103	1.175
44.8354	1.179
44.8605	1.183
44.8857	1.187
44.9108	1.191
44.9359	1.195
44.9610	1.198
44.9861	1.201
45.0113	1.204
45.0364	1.206
45.0615	1.208
45.0866	1.210
45.1117	1.212
45.1368	1.213
45.1619	1.214
45.1870	1.214
45.2121	1.214
45.2372	1.215
45.2623	1.214
45.2874	1.214
45.3125	1.213
45.3376	1.212
45.3627	1.211
45.3878	1.209
45.4129	1.207
45.4380	1.205
45.4631	1.202
45.4881	1.200
45.5132	1.197
45.5383	1.193
45.5634	1.190
45.5885	1.186
45.6135	1.182
45.6386	1.177
45.6637	1.173
45.6888	1.168
45.7138	1.163
45.7389	1.158
45.7640	1.153
45.7890	1.147
45.8141	1.142
45.8392	1.136
45.8642	1.130
45.8893	1.122
45.9144	1.116
45.9394	1.109
45.9645	1.102
45.9895	1.096
46.0146	1.088
46.0397	1.082
46.0647	1.075
46.0898	1.068
46.1148	1.061
46.1399	1.054
46.1650	1.046
46.1900	1.039
46.2151	1.031
46.2401	1.024
46.2652	1.017
46.2902	1.010
46.3153	1.002
46.3404	0.995
46.3654	0.987
46.3905	0.980
46.4155	0.973
46.4406	0.965
46.4656	0.958
46.4907	0.951
46.5158	0.944
46.5408	0.936
46.5659	0.929
46.5909	0.922
46.6160	0.915
46.6411	0.909
46.6661	0.902
46.6912	0.895
46.7162	0.889
46.7413	0.883
46.7664	0.876
46.7914	0.870
46.8165	0.864
46.8416	0.859
46.8666	0.853
46.8917	0.848
46.9168	0.842
46.9418	0.837
46.9669	0.832
46.9920	0.828
47.0171	0.823
47.0421	0.819
47.0672	0.815
47.0923	0.812
47.1174	0.808
47.1424	0.805
47.1675	0.802
47.1926	0.799
47.2177	0.797
47.2428	0.794
47.2679	0.789
47.2930	0.791
47.3181	0.790
47.3432	0.789
47.3683	0.788
47.3933	0.787
47.4184	0.787
47.4435	0.787
47.4686	0.788
47.4938	0.788
47.5188	0.787
47.5440	0.791
47.5691	0.792
47.5942	0.794
47.6193	0.796
47.6444	0.798
47.6695	0.801
47.6946	0.804
47.7198	0.807
47.7449	0.810
47.7700	0.814
47.7951	0.818
47.8202	0.822
47.8454	0.826
47.8705	0.830
47.8956	0.835
47.9208	0.840
47.9459	0.845
47.9710	0.850
47.9961	0.856
48.0213	0.862
48.0464	0.867
48.0715	0.873
48.0967	0.879
48.1218	0.885
48.1470	0.892
48.1721	0.898
48.1972	0.904
48.2224	0.911
48.2475	0.918
48.2726	0.925
48.2978	0.932
48.3229	0.939
48.3481	0.946
48.3732	0.953
48.3984	0.960
48.4235	0.967
48.4486	0.974
48.4738	0.981
48.4989	0.986
48.5240	0.983
48.5491	0.993
48.5743	1.000
48.5994	1.007
48.6246	1.018
48.6497	1.025
48.6748	1.024
48.7000	1.033
48.7251	1.042
48.7502	1.046
48.7754	1.056
48.8005	1.059
48.8257	1.067
48.8509	1.083
48.8760	1.085
48.9011	1.088
48.9263	1.103
48.9514	1.108
48.9765	1.107
49.0017	1.116
49.0268	1.126
49.0520	1.134
49.0771	1.140
49.1022	1.145
49.1274	1.150
49.1525	1.155
49.1776	1.160
49.2027	1.164
49.2279	1.170
49.2530	1.174
49.2781	1.178
49.3032	1.181
49.3284	1.184
49.3535	1.187
49.3786	1.190
49.4037	1.193
49.4288	1.195
49.4539	1.197
49.4790	1.198
49.5041	1.200
49.5293	1.201
49.5544	1.202
49.5795	1.203
49.6046	1.203
49.6297	1.203
49.6548	1.202
49.6799	1.202
49.7050	1.201
49.7300	1.200
49.7551	1.199
49.7802	1.197
49.8053	1.195
49.8304	1.194
49.8555	1.191
49.8806	1.189
49.9057	1.186
49.9307	1.183
49.9558	1.179
49.9809	1.176
50.0060	1.172
50.0311	1.168
50.0561	1.164
50.0812	1.159
50.1063	1.155
50.1314	1.150
50.1564	1.145
50.1815	1.140
50.2066	1.135
50.2316	1.129
50.2567	1.124
50.2818	1.118
50.3068	1.110
50.3319	1.104
50.3569	1.097
50.3820	1.091
50.4071	1.084
50.4321	1.078
50.4572	1.072
50.4823	1.065
50.5073	1.058
50.5324	1.052
50.5574	1.045
50.5825	1.038
50.6076	1.031
50.6326	1.024
50.6577	1.017
50.6827	1.011
50.7078	1.003
50.7329	0.997
50.7579	0.990
50.7830	0.983
50.8080	0.976
50.8331	0.968
50.8582	0.962
50.8832	0.955
50.9083	0.948
50.9333	0.941
50.9584	0.935
50.9835	0.928
51.0085	0.921
51.0336	0.915
51.0587	0.909
51.0837	0.902
51.1088	0.897
51.1338	0.890
51.1589	0.884
51.1840	0.879
51.2090	0.873
51.2341	0.868
51.2592	0.862
51.2843	0.857
51.3093	0.852
51.3344	0.848
51.3595	0.843
51.3845	0.839
51.4096	0.834
51.4347	0.830
51.4598	0.826
51.4849	0.823
51.5099	0.819
51.5350	0.816
51.5601	0.813
51.5852	0.811
51.6103	0.808
51.6354	0.806
51.6604	0.804
51.6855	0.803
51.7106	0.801
51.7357	0.800
51.7608	0.799
51.7859	0.799
51.8110	0.799
51.8361	0.798
51.8612	0.799
51.8863	0.799
51.9114	0.800
51.9365	0.801
51.9616	0.802
51.9867	0.804
52.0119	0.805
52.0370	0.807
52.0621	0.810
52.0872	0.812
52.1123	0.815
52.1374	0.818
52.1625	0.821
52.1877	0.825
52.2128	0.828
52.2379	0.832
52.2630	0.836
52.2882	0.841
52.3133	0.845
52.3384	0.850
52.3635	0.855
52.3887	0.860
52.4138	0.865
52.4389	0.870
52.4641	0.875
52.4892	0.881
52.5143	0.887
52.5395	0.893
52.5646	0.899
52.5897	0.905
52.6149	0.911
52.6400	0.917
52.6651	0.924
52.6903	0.930
52.7154	0.937
52.7406	0.943
52.7657	0.950
52.7908	0.957
52.8160	0.963
52.8411	0.970
52.8662	0.977
52.8914	0.984
52.9165	0.988
52.9416	0.992
52.9668	1.001
52.9919	1.001
53.0170	0.997
53.0421	1.008
53.0673	1.017
53.0924	1.017
53.1175	1.021
53.1426	1.027
53.1678	1.033
53.1929	1.040
53.2181	1.049
53.2432	1.051
53.2683	1.059
53.2935	1.069
53.3186	1.077
53.3438	1.084
53.3689	1.096
53.3940	1.095
53.4192	1.104
53.4443	1.113
53.4695	1.125
53.4947	1.133
53.5198	1.138
53.5449	1.143
53.5700	1.148
53.5952	1.152
53.6203	1.155
53.6454	1.160
53.6705	1.164
53.6957	1.167
53.7208	1.171
53.7459	1.176
53.7710	1.179
53.7961	1.181
53.8213	1.184
53.8464	1.186
53.8715	1.188
53.8966	1.190
53.9217	1.191
53.9468	1.192
53.9719	1.193
53.9970	1.194
54.0221	1.194
54.0472	1.194
54.0723	1.194
54.0974	1.193
54.1225	1.192
54.1476	1.191
54.1727	1.190
54.1978	1.189
54.2229	1.187
54.2480	1.185
54.2730	1.183
54.2981	1.180
54.3232	1.178
54.3483	1.175
54.3734	1.172
54.3985	1.168
54.4235	1.165
54.4486	1.161
54.4737	1.157
54.4988	1.153
54.5238	1.147
54.5489	1.142
54.5740	1.137
54.5991	1.133
54.6241	1.128
54.6492	1.122
54.6743	1.117
54.6993	1.112
54.7244	1.106
54.7495	1.100
54.7745	1.095
54.7996	1.089
54.8247	1.083
54.8497	1.076
54.8748	1.070
54.8999	1.064
54.9249	1.058
54.9500	1.051
54.9750	1.045
55.0001	1.038
55.0252	1.032
55.0502	1.025
55.0753	1.019
55.1004	1.012
55.1254	1.006
55.1505	0.999
55.1755	0.993
55.2006	0.986
55.2257	0.979
55.2507	0.973
55.2758	0.966
55.3008	0.960
55.3259	0.953
55.3510	0.947
55.3760	0.940
55.4011	0.934
55.4262	0.927
55.4512	0.921
55.4763	0.915
55.5014	0.909
55.5264	0.903
55.5515	0.898
55.5766	0.892
55.6016	0.887
55.6267	0.881
55.6518	0.876
55.6768	0.871
55.7019	0.866
55.7270	0.861
55.7520	0.856
55.7771	0.852
55.8022	0.847
55.8273	0.843
55.8523	0.839
55.8774	0.836
55.9025	0.832
55.9276	0.829
55.9527	0.826
55.9778	0.823
56.0028	0.820
56.0279	0.818
56.0530	0.816
56.0781	0.814
56.1032	0.812
56.1283	0.810
56.1534	0.807
56.1784	0.801
56.2035	0.804
56.2287	0.807
56.2538	0.807
56.2789	0.807
56.3040	0.808
56.3291	0.808
56.3542	0.809
56.3793	0.810
56.4044	0.811
56.4295	0.810
56.4546	0.812
56.4797	0.814
56.5048	0.819
56.5299	0.821
56.5551	0.824
56.5802	0.827
56.6053	0.827
56.6304	0.824
56.6555	0.831
56.6806	0.838
56.7058	0.844
56.7309	0.849
56.7560	0.853
56.7812	0.858
56.8063	0.862
56.8314	0.867
56.8565	0.872
56.8817	0.877
56.9068	0.882
56.9319	0.887
56.9571	0.893
56.9822	0.898
57.0073	0.904
57.0325	0.910
57.0576	0.916
57.0827	0.922
57.1079	0.928
57.1330	0.934
57.1581	0.941
57.1833	0.947
57.2084	0.953
57.2335	0.960
57.2587	0.966
57.2838	0.972
57.3090	0.979
57.3341	0.982
57.3592	0.981
57.3843	0.984
57.4095	0.994
57.4346	0.998
57.4597	0.997
57.4848	1.007
57.5099	1.010
57.5351	1.013
57.5602	1.019
57.5853	1.023
57.6104	1.028
57.6356	1.034
57.6607	1.044
57.6859	1.053
57.7110	1.059
57.7362	1.071
57.7613	1.073
57.7864	1.076
57.8116	1.085
57.8367	1.091
57.8618	1.096
57.8870	1.104
57.9121	1.109
57.9372	1.113
57.9624	1.123
57.9875	1.126
58.0126	1.131
58.0378	1.145
58.0630	1.149
58.0881	1.153
58.1132	1.157
58.1383	1.160
58.1634	1.163
58.1886	1.168
58.2137	1.171
58.2388	1.171
58.2639	1.175
58.2890	1.178
58.3141	1.179
58.3392	1.181
58.3643	1.182
58.3894	1.183
58.4146	1.184
58.4397	1.184
58.4648	1.185
58.4899	1.185
58.5150	1.185
58.5401	1.184
58.5652	1.184
58.5902	1.183
58.6153	1.182
58.6404	1.180
58.6655	1.179
58.6906	1.177
58.7157	1.175
58.7408	1.173
58.7659	1.170
58.7910	1.167
58.8160	1.162
58.8411	1.159
58.8662	1.155
58.8913	1.152
58.9163	1.148
58.9414	1.144
58.9665	1.140
58.9916	1.136
59.0166	1.132
59.0417	1.127
59.0668	1.122
59.0919	1.118
59.1169	1.112
59.1420	1.108
59.1671	1.102
59.1921	1.097
59.2172	1.091
59.2423	1.085
59.2673	1.080
59.2924	1.074
59.3175	1.068
59.3425	1.062
59.3676	1.056
59.3927	1.050
59.4177	1.044
59.4428	1.038
59.4679	1.031
59.4929	1.025
59.5180	1.019
59.5431	1.013
59.5681	1.007
59.5932	1.000
59.6182	0.994
59.6433	0.987
59.6684	0.981
59.6934	0.975
59.7185	0.968
59.7436	0.963
59.7686	0.956
59.7937	0.950
59.8188	0.944
59.8438	0.938
59.8689	0.932
59.8940	0.926
59.9190	0.920
59.9441	0.915
59.9692	0.909
59.9942	0.903
60.0193	0.898
60.0444	0.892
60.0694	0.887
60.0945	0.882
60.1196	0.878
60.1446	0.873
60.1697	0.868
60.1948	0.864
60.2199	0.859
60.2449	0.855
60.2700	0.851
60.2951	0.848
60.3202	0.844
60.3453	0.841
60.3703	0.838
60.3954	0.834
60.4205	0.832
60.4456	0.829
60.4707	0.826
60.4958	0.824
60.5209	0.822
60.5459	0.821
60.5710	0.819
60.5961	0.818
60.6212	0.817
60.6463	0.816
60.6714	0.815
60.6965	0.815
60.7216	0.815
60.7467	0.816
60.7718	0.816
60.7969	0.817
60.8220	0.817
60.8471	0.818
60.8722	0.820
60.8973	0.821
60.9225	0.823
60.9476	0.825
60.9727	0.827
60.9978	0.830
61.0229	0.833
61.0480	0.835
61.0731	0.839
61.0983	0.842
61.1234	0.846
61.1485	0.849
61.1736	0.853
61.1988	0.857
61.2239	0.861
61.2490	0.865
61.2741	0.870
61.2993	0.875
61.3244	0.879
61.3495	0.884
61.3746	0.889
61.3998	0.894
61.4249	0.899
61.4500	0.905
61.4752	0.910
61.5003	0.916
61.5254	0.922
61.5506	0.928
61.5757	0.933
61.6008	0.939
61.6260	0.945
61.6511	0.951
61.6762	0.957
61.7014	0.963
61.7265	0.970
61.7516	0.972
61.7768	0.982
61.8019	0.988
61.8270	0.992
61.8521	0.990
61.8772	0.993
61.9024	1.003
61.9275	1.005
61.9527	1.019
61.9778	1.022
62.0029	1.016
62.0280	1.026
62.0532	1.029
62.0783	1.034
62.1034	1.043
62.1286	1.050
62.1537	1.052
62.1788	1.057
62.2040	1.066
62.2291	1.078
62.2543	1.087
62.2794	1.092
62.3046	1.102
62.3297	1.106
62.3548	1.111
62.3799	1.112
62.4051	1.120
62.4302	1.124
62.4553	1.132
62.4805	1.136
62.5056	1.140
62.5307	1.143
62.5558	1.147
62.5810	1.150
62.6061	1.153
62.6312	1.157
62.6563	1.159
62.6814	1.162
62.7065	1.166
62.7317	1.169
62.7568	1.170
62.7819	1.172
62.8070	1.173
62.8321	1.175
62.8572	1.175
62.8823	1.176
62.9074	1.176
62.9325	1.176
62.9576	1.177
62.9827	1.176
63.0078	1.176
63.0329	1.175
63.0580	1.175
63.0831	1.173
63.1082	1.172
63.1333	1.170
63.1584	1.169
63.1835	1.167
63.2085	1.165
63.2336	1.162
63.2587	1.159
63.2838	1.157
63.3089	1.153
63.3340	1.151
63.3590	1.145
63.3841	1.141
63.4092	1.137
63.4343	1.134
63.4593	1.129
63.4844	1.125
63.5095	1.121
63.5346	1.116
63.5596	1.112
63.5847	1.107
63.6098	1.102
63.6348	1.097
63.6599	1.092
63.6850	1.086
63.7101	1.081
63.7351	1.075
63.7602	1.070
63.7853	1.064
63.8103	1.059
63.8354	1.053
63.8605	1.047
63.8855	1.041
63.9106	1.036
63.9357	1.029
63.9607	1.024
63.9858	1.018
64.0109	1.012
64.0359	1.006
64.0610	0.999
64.0860	0.994
64.1111	0.987
64.1362	0.982
64.1612	0.975
64.1863	0.970
64.2114	0.964
64.2364	0.958
64.2615	0.952
64.2866	0.946
64.3116	0.940
64.3367	0.934
64.3618	0.929
64.3868	0.923
64.4119	0.918
64.4370	0.912
64.4620	0.907
64.4871	0.902
64.5122	0.897
64.5373	0.892
64.5623	0.887
64.5874	0.883
64.6125	0.878
64.6375	0.874
64.6626	0.870
64.6877	0.866
64.7128	0.862
64.7379	0.858
64.7629	0.854
64.7880	0.851
64.8131	0.848
64.8382	0.844
64.8633	0.841
64.8883	0.839
64.9134	0.836
64.9385	0.834
64.9636	0.832
64.9887	0.830
65.0138	0.828
65.0389	0.827
65.0640	0.826
65.0891	0.825
65.1142	0.824
65.1393	0.824
65.1644	0.823
65.1895	0.823
65.2146	0.823
65.2397	0.824
65.2648	0.824
65.2899	0.825
65.3150	0.826
65.3401	0.827
65.3652	0.829
65.3903	0.830
65.4154	0.832
65.4405	0.834
65.4656	0.837
65.4907	0.839
65.5159	0.842
65.5410	0.845
65.5661	0.848
65.5912	0.851
65.6163	0.855
65.6415	0.858
65.6666	0.862
65.6917	0.866
65.7168	0.870
65.7420	0.874
65.7671	0.878
65.7922	0.883
65.8173	0.888
65.8425	0.893
65.8676	0.897
65.8927	0.902
65.9178	0.907
65.9430	0.913
65.9681	0.918
65.9932	0.924
66.0184	0.929
66.0435	0.935
66.0686	0.940
66.0938	0.946
66.1189	0.952
66.1440	0.957
66.1692	0.963
66.1943	0.969
66.2194	0.975
66.2446	0.981
66.2697	0.987
66.2948	0.993
66.3200	0.999
66.3451	1.004
66.3702	1.011
66.3954	1.016
66.4205	1.022
66.4456	1.028
66.4708	1.034
66.4959	1.039
66.5210	1.045
66.5462	1.051
66.5713	1.053
66.5964	1.061
66.6216	1.067
66.6467	1.069
66.6718	1.071
66.6970	1.080
66.7221	1.081
66.7472	1.086
66.7723	1.087
66.7974	1.092
66.8226	1.100
66.8477	1.101
66.8728	1.102
66.8980	1.116
66.9231	1.120
66.9482	1.125
66.9734	1.132
66.9985	1.135
67.0236	1.138
67.0487	1.138
67.0738	1.145
67.0989	1.148
67.1241	1.151
67.1492	1.153
67.1743	1.156
67.1994	1.160
67.2245	1.162
67.2496	1.163
67.2747	1.164
67.2998	1.166
67.3250	1.167
67.3501	1.168
67.3752	1.168
67.4003	1.168
67.4254	1.168
67.4505	1.169
67.4755	1.166
67.5006	1.165
67.5257	1.164
67.5508	1.164
67.5759	1.162
67.6010	1.161
67.6261	1.159
67.6512	1.158
67.6763	1.156
67.7014	1.154
67.7265	1.151
67.7516	1.151
67.7766	1.146
67.8017	1.143
67.8268	1.140
67.8519	1.139
67.8770	1.136
67.9020	1.130
67.9271	1.126
67.9522	1.122
67.9773	1.118
68.0023	1.113
68.0274	1.109
68.0525	1.104
68.0776	1.100
68.1026	1.095
68.1277	1.090
68.1528	1.085
68.1778	1.080
68.2029	1.075
68.2280	1.070
68.2531	1.065
68.2781	1.059
68.3032	1.054
68.3283	1.049
68.3533	1.043
68.3784	1.037
68.4035	1.032
68.4285	1.026
68.4536	1.021
68.4787	1.015
68.5037	1.009
68.5288	1.004
68.5539	0.998
68.5789	0.992
68.6040	0.986
68.6291	0.981
68.6541	0.975
68.6792	0.969
68.7043	0.963
68.7293	0.958
68.7544	0.952
68.7795	0.947
68.8045	0.941
68.8296	0.936
68.8547	0.930
68.8797	0.925
68.9048	0.920
68.9299	0.915
68.9550	0.910
68.9800	0.905
69.0051	0.900
69.0302	0.896
69.0553	0.891
69.0803	0.887
69.1054	0.883
69.1305	0.878
69.1556	0.875
69.1806	0.871
69.2057	0.867
69.2308	0.863
69.2559	0.860
69.2810	0.857
69.3060	0.854
69.3311	0.851
69.3562	0.848
69.3813	0.846
69.4064	0.843
69.4315	0.841
69.4565	0.839
69.4816	0.837
69.5067	0.836
69.5318	0.835
69.5569	0.833
69.5820	0.833
69.6071	0.832
69.6322	0.831
69.6573	0.831
69.6824	0.831
69.7075	0.831
69.7326	0.831
69.7577	0.832
69.7828	0.832
69.8079	0.834
69.8330	0.835
69.8581	0.836
69.8832	0.838
69.9084	0.840
69.9335	0.842
69.9586	0.844
69.9837	0.846
70.0088	0.849
70.0339	0.852
70.0590	0.855
70.0842	0.858
70.1093	0.861
70.1344	0.865
70.1595	0.868
70.1846	0.872
70.2098	0.875
70.2349	0.880
70.2600	0.884
70.2851	0.888
70.3103	0.892
70.3354	0.897
70.3605	0.901
70.3856	0.904
70.4108	0.909
70.4359	0.916
70.4610	0.921
70.4862	0.926
70.5113	0.932
70.5364	0.937
70.5615	0.942
70.5867	0.947
70.6118	0.953
70.6369	0.959
70.6621	0.964
70.6872	0.970
70.7123	0.975
70.7375	0.981
70.7626	0.987
70.7877	0.992
70.8129	0.998
70.8380	1.004
70.8631	1.009
70.8883	1.015
70.9134	1.021
70.9385	1.026
70.9637	1.031
70.9888	1.037
71.0139	1.039
71.0390	1.041
