Tempo	Posicao
5.5350E-4	0.190
0.0206	0.190
0.0406	0.190
0.0606	0.191
0.0806	0.193
0.1006	0.195
0.1206	0.198
0.1406	0.201
0.1606	0.205
0.1806	0.209
0.2006	0.213
0.2206	0.221
0.2407	0.224
0.2607	0.231
0.2807	0.234
0.3007	0.241
0.3207	0.246
0.3407	0.252
0.3607	0.258
0.3808	0.263
0.4008	0.267
0.4208	0.271
0.4408	0.275
0.4608	0.278
0.4808	0.280
0.5008	0.282
0.5208	0.283
0.5408	0.284
0.5608	0.284
0.5808	0.284
0.6008	0.283
0.6208	0.280
0.6408	0.278
0.6608	0.275
0.6808	0.272
0.7008	0.268
0.7208	0.263
0.7408	0.259
0.7607	0.253
0.7807	0.248
0.8007	0.242
0.8207	0.237
0.8407	0.230
0.8607	0.224
0.8806	0.219
0.9006	0.214
0.9206	0.209
0.9406	0.205
0.9606	0.201
0.9806	0.198
1.0006	0.195
1.0206	0.193
1.0406	0.192
1.0606	0.191
1.0806	0.190
1.1006	0.191
1.1206	0.191
1.1406	0.193
1.1606	0.196
1.1806	0.198
1.2006	0.203
1.2206	0.205
1.2406	0.211
1.2606	0.215
1.2806	0.221
1.3007	0.227
1.3207	0.232
1.3407	0.238
1.3607	0.245
1.3807	0.250
1.4007	0.255
1.4208	0.260
1.4408	0.265
1.4608	0.270
1.4808	0.274
1.5008	0.278
1.5208	0.281
1.5408	0.283
1.5608	0.285
1.5808	0.286
1.6008	0.287
1.6208	0.287
1.6408	0.287
1.6608	0.285
1.6808	0.283
1.7008	0.281
1.7208	0.279
1.7408	0.275
1.7608	0.271
1.7808	0.267
1.8008	0.260
1.8207	0.256
1.8407	0.249
1.8607	0.243
1.8807	0.238
1.9007	0.232
1.9207	0.227
1.9406	0.220
1.9606	0.214
1.9806	0.210
2.0006	0.206
2.0206	0.202
2.0406	0.198
2.0606	0.196
2.0806	0.194
2.1006	0.192
2.1206	0.191
2.1406	0.191
2.1606	0.191
2.1806	0.192
2.2006	0.193
2.2206	0.196
2.2406	0.198
2.2606	0.201
2.2806	0.205
2.3006	0.209
2.3206	0.213
2.3406	0.218
2.3606	0.223
2.3807	0.228
2.4007	0.233
2.4207	0.239
2.4407	0.244
2.4607	0.249
2.4807	0.254
2.5008	0.259
2.5208	0.264
2.5408	0.267
2.5608	0.271
2.5808	0.275
2.6008	0.277
2.6208	0.281
2.6408	0.282
2.6608	0.283
2.6808	0.283
2.7008	0.283
2.7208	0.282
2.7408	0.280
2.7608	0.278
2.7808	0.275
2.8008	0.271
2.8208	0.267
2.8408	0.263
2.8608	0.259
2.8807	0.253
2.9007	0.248
2.9207	0.243
2.9407	0.237
2.9607	0.232
2.9807	0.227
3.0006	0.222
3.0206	0.215
3.0406	0.213
3.0606	0.209
3.0806	0.205
3.1006	0.201
3.1206	0.199
3.1406	0.197
3.1606	0.196
3.1806	0.195
3.2006	0.194
3.2206	0.195
3.2406	0.196
3.2606	0.198
3.2806	0.199
3.3006	0.201
3.3206	0.204
3.3406	0.207
3.3606	0.212
3.3806	0.216
3.4006	0.221
3.4207	0.226
3.4407	0.231
3.4607	0.236
3.4807	0.241
3.5007	0.246
3.5207	0.252
3.5407	0.256
3.5608	0.261
3.5808	0.265
3.6008	0.269
3.6208	0.272
3.6408	0.276
3.6608	0.278
3.6808	0.280
3.7008	0.282
3.7208	0.282
3.7408	0.282
3.7608	0.281
3.7808	0.281
3.8008	0.279
3.8208	0.277
3.8408	0.273
3.8608	0.270
3.8808	0.266
3.9008	0.260
3.9207	0.257
3.9407	0.251
3.9607	0.245
3.9807	0.240
4.0007	0.237
4.0207	0.230
4.0407	0.224
4.0606	0.219
4.0806	0.215
4.1006	0.210
4.1206	0.207
4.1406	0.203
4.1606	0.201
4.1806	0.198
4.2006	0.196
4.2206	0.195
4.2406	0.194
4.2606	0.193
4.2806	0.194
4.3006	0.195
4.3206	0.196
4.3406	0.198
4.3606	0.201
4.3806	0.204
4.4006	0.207
4.4206	0.212
4.4406	0.216
4.4606	0.220
4.4807	0.225
4.5007	0.230
4.5207	0.234
4.5407	0.239
4.5607	0.246
4.5807	0.249
4.6007	0.254
4.6208	0.259
4.6408	0.265
4.6608	0.269
4.6808	0.270
4.7008	0.273
4.7208	0.277
4.7408	0.279
4.7608	0.279
4.7808	0.282
4.8008	0.282
4.8208	0.281
4.8408	0.280
4.8608	0.278
4.8808	0.274
4.9008	0.273
4.9208	0.267
4.9408	0.264
4.9608	0.260
4.9807	0.255
5.0007	0.250
5.0207	0.245
5.0407	0.240
5.0607	0.235
5.0807	0.229
5.1007	0.224
5.1206	0.220
5.1406	0.215
5.1606	0.213
5.1806	0.207
5.2006	0.203
5.2206	0.202
5.2406	0.199
5.2606	0.197
5.2806	0.196
5.3006	0.194
5.3206	0.194
5.3406	0.195
5.3606	0.196
5.3806	0.196
5.4006	0.198
5.4206	0.201
5.4406	0.204
5.4606	0.207
5.4806	0.211
5.5006	0.216
5.5206	0.220
5.5407	0.225
5.5607	0.230
5.5807	0.234
5.6007	0.241
5.6207	0.245
5.6407	0.249
5.6607	0.254
5.6808	0.260
5.7008	0.265
5.7208	0.268
5.7408	0.272
5.7608	0.275
5.7808	0.277
5.8008	0.280
5.8208	0.280
5.8408	0.281
5.8608	0.282
5.8808	0.281
5.9008	0.280
5.9208	0.278
5.9408	0.276
5.9608	0.272
5.9808	0.269
6.0008	0.265
6.0208	0.261
6.0407	0.257
6.0607	0.252
6.0807	0.247
6.1007	0.242
6.1207	0.237
6.1407	0.232
6.1607	0.227
6.1806	0.222
6.2006	0.217
6.2206	0.213
6.2406	0.209
6.2606	0.206
6.2806	0.203
6.3006	0.200
6.3206	0.197
6.3406	0.196
6.3606	0.196
6.3806	0.195
6.4006	0.195
6.4206	0.196
6.4406	0.197
6.4606	0.200
6.4806	0.202
6.5006	0.205
6.5206	0.209
6.5406	0.213
6.5606	0.217
6.5806	0.221
6.6007	0.226
6.6207	0.231
6.6407	0.235
6.6607	0.241
6.6807	0.246
6.7007	0.251
6.7207	0.256
6.7408	0.261
6.7608	0.265
6.7808	0.269
6.8008	0.272
6.8208	0.276
6.8408	0.277
6.8608	0.282
6.8808	0.283
6.9008	0.282
6.9208	0.285
6.9408	0.284
6.9608	0.283
6.9808	0.281
7.0008	0.279
7.0208	0.276
7.0408	0.272
7.0608	0.266
7.0808	0.262
7.1007	0.257
7.1207	0.252
7.1407	0.248
7.1607	0.240
7.1807	0.235
7.2007	0.230
7.2207	0.225
7.2406	0.220
7.2606	0.215
7.2806	0.211
7.3006	0.207
7.3206	0.203
7.3406	0.200
7.3606	0.198
7.3806	0.196
7.4006	0.194
7.4206	0.193
7.4406	0.193
7.4606	0.193
7.4806	0.194
7.5006	0.195
7.5206	0.197
7.5406	0.199
7.5606	0.202
7.5806	0.206
7.6006	0.209
7.6206	0.214
7.6406	0.218
7.6606	0.223
7.6807	0.228
7.7007	0.233
7.7207	0.238
7.7407	0.243
7.7607	0.248
7.7807	0.253
7.8007	0.258
7.8208	0.262
7.8408	0.266
7.8608	0.269
7.8808	0.272
7.9008	0.277
7.9208	0.277
7.9408	0.278
7.9608	0.279
7.9808	0.279
8.0008	0.278
8.0208	0.277
8.0408	0.275
8.0608	0.273
8.0808	0.270
8.1008	0.267
8.1208	0.264
8.1408	0.260
8.1607	0.255
8.1807	0.250
8.2007	0.245
8.2207	0.240
8.2407	0.235
8.2607	0.231
8.2807	0.225
8.3006	0.220
8.3206	0.216
8.3406	0.212
8.3606	0.208
8.3806	0.204
8.4006	0.201
8.4206	0.201
8.4406	0.199
8.4606	0.197
8.4806	0.196
8.5006	0.196
8.5206	0.196
8.5406	0.197
8.5606	0.198
8.5806	0.200
8.6006	0.202
8.6206	0.206
8.6406	0.209
8.6606	0.211
8.6806	0.217
8.7006	0.221
8.7207	0.226
8.7407	0.232
8.7607	0.237
8.7807	0.241
8.8007	0.247
8.8207	0.252
8.8407	0.257
8.8608	0.261
8.8808	0.265
8.9008	0.269
8.9208	0.272
8.9408	0.275
8.9608	0.278
8.9808	0.280
9.0008	0.281
9.0208	0.282
9.0408	0.282
9.0608	0.281
9.0808	0.280
9.1008	0.278
9.1208	0.277
9.1408	0.273
9.1608	0.270
9.1808	0.267
9.2008	0.263
9.2208	0.258
9.2407	0.253
9.2607	0.249
9.2807	0.243
9.3007	0.238
9.3207	0.233
9.3407	0.229
9.3606	0.224
9.3806	0.219
9.4006	0.215
9.4206	0.211
9.4406	0.207
9.4606	0.204
9.4806	0.201
9.5006	0.199
9.5206	0.198
9.5406	0.197
9.5606	0.197
9.5806	0.197
9.6006	0.197
9.6206	0.199
9.6406	0.200
9.6606	0.203
9.6806	0.205
9.7006	0.209
9.7206	0.211
9.7406	0.217
9.7606	0.220
9.7807	0.224
9.8007	0.231
9.8207	0.234
9.8407	0.239
9.8607	0.244
9.8807	0.251
9.9007	0.256
9.9208	0.259
9.9408	0.265
9.9608	0.268
9.9808	0.271
10.0008	0.275
10.0208	0.276
10.0408	0.278
10.0608	0.280
10.0808	0.280
10.1008	0.280
10.1208	0.280
10.1408	0.276
10.1608	0.277
10.1808	0.275
10.2008	0.272
10.2208	0.267
10.2408	0.264
10.2608	0.259
10.2807	0.254
10.3007	0.250
10.3207	0.245
10.3407	0.240
10.3607	0.235
10.3807	0.230
10.4007	0.225
10.4206	0.220
10.4406	0.216
10.4606	0.212
10.4806	0.208
10.5006	0.204
10.5206	0.201
10.5406	0.199
10.5606	0.197
10.5806	0.195
10.6006	0.194
10.6206	0.194
10.6406	0.194
10.6606	0.195
10.6806	0.196
10.7006	0.198
10.7206	0.200
10.7406	0.203
10.7606	0.207
10.7806	0.210
10.8006	0.214
10.8206	0.219
10.8406	0.223
10.8607	0.228
10.8807	0.233
10.9007	0.238
10.9207	0.243
10.9407	0.248
10.9607	0.253
10.9807	0.257
11.0008	0.262
11.0208	0.267
11.0408	0.271
11.0608	0.274
11.0808	0.276
11.1008	0.278
11.1208	0.280
11.1408	0.281
11.1608	0.280
11.1808	0.280
11.2008	0.279
11.2208	0.277
11.2408	0.275
11.2608	0.272
11.2808	0.269
11.3008	0.265
11.3208	0.262
11.3407	0.257
11.3607	0.252
11.3807	0.248
11.4007	0.243
11.4207	0.238
11.4407	0.233
11.4607	0.228
11.4806	0.223
11.5006	0.219
11.5206	0.215
11.5406	0.211
11.5606	0.208
11.5806	0.205
11.6006	0.203
11.6206	0.201
11.6406	0.199
11.6606	0.198
11.6806	0.197
11.7006	0.197
11.7206	0.200
11.7406	0.202
11.7606	0.201
11.7806	0.204
11.8006	0.206
11.8206	0.210
11.8406	0.213
11.8606	0.217
11.8806	0.222
11.9007	0.226
11.9207	0.230
11.9407	0.234
11.9607	0.240
11.9807	0.245
12.0007	0.250
12.0207	0.255
12.0408	0.259
12.0608	0.263
12.0808	0.267
12.1008	0.270
12.1208	0.273
12.1408	0.275
12.1608	0.277
12.1808	0.278
12.2008	0.279
12.2208	0.279
12.2408	0.279
12.2608	0.277
12.2808	0.276
12.3008	0.273
12.3208	0.271
12.3408	0.268
12.3608	0.264
12.3808	0.260
12.4007	0.255
12.4207	0.252
12.4407	0.247
12.4607	0.242
12.4807	0.238
12.5007	0.232
12.5207	0.228
12.5406	0.223
12.5606	0.219
12.5806	0.215
12.6006	0.211
12.6206	0.207
12.6406	0.205
12.6606	0.202
12.6806	0.200
12.7006	0.198
12.7206	0.197
12.7406	0.197
12.7606	0.197
12.7806	0.198
12.8006	0.199
12.8206	0.201
12.8406	0.203
12.8606	0.206
12.8806	0.209
12.9006	0.213
12.9206	0.216
12.9406	0.221
12.9607	0.224
12.9807	0.231
13.0007	0.236
13.0207	0.240
13.0407	0.245
13.0607	0.250
13.0807	0.255
13.1008	0.259
13.1208	0.263
13.1408	0.267
13.1608	0.270
13.1808	0.272
13.2008	0.275
13.2208	0.277
13.2408	0.278
13.2608	0.278
13.2808	0.279
13.3008	0.278
13.3208	0.277
13.3408	0.275
13.3608	0.273
13.3808	0.271
13.4008	0.268
13.4208	0.264
13.4408	0.260
13.4607	0.256
13.4807	0.251
13.5007	0.247
13.5207	0.242
13.5407	0.238
13.5607	0.233
13.5807	0.228
13.6006	0.223
13.6206	0.219
13.6406	0.215
13.6606	0.211
13.6806	0.208
13.7006	0.204
13.7206	0.202
13.7406	0.200
13.7606	0.198
13.7806	0.197
13.8006	0.197
13.8206	0.197
13.8406	0.198
13.8606	0.199
13.8806	0.201
13.9006	0.204
13.9206	0.206
13.9406	0.209
13.9606	0.213
13.9806	0.217
14.0006	0.222
14.0207	0.226
14.0407	0.229
14.0607	0.235
14.0807	0.240
14.1007	0.244
14.1207	0.250
14.1407	0.255
14.1608	0.259
14.1808	0.263
14.2008	0.266
14.2208	0.270
14.2408	0.272
14.2608	0.275
14.2808	0.276
14.3008	0.277
14.3208	0.279
14.3408	0.278
14.3608	0.278
14.3808	0.277
14.4008	0.275
14.4208	0.273
14.4408	0.271
14.4608	0.267
14.4808	0.264
14.5008	0.260
14.5207	0.256
14.5407	0.251
14.5607	0.247
14.5807	0.242
14.6007	0.238
14.6207	0.233
14.6407	0.228
14.6606	0.224
14.6806	0.220
14.7006	0.218
14.7206	0.214
14.7406	0.211
14.7606	0.208
14.7806	0.205
14.8006	0.203
14.8206	0.202
14.8406	0.201
14.8606	0.198
14.8806	0.198
14.9006	0.201
14.9206	0.200
14.9406	0.203
14.9606	0.204
14.9806	0.207
15.0006	0.210
15.0206	0.214
15.0406	0.218
15.0606	0.222
15.0807	0.227
15.1007	0.231
15.1207	0.236
15.1407	0.240
15.1607	0.246
15.1807	0.250
15.2007	0.255
15.2208	0.260
15.2408	0.263
15.2608	0.267
15.2808	0.273
15.3008	0.276
15.3208	0.278
15.3408	0.277
15.3608	0.281
15.3808	0.282
15.4008	0.280
15.4208	0.281
15.4408	0.280
15.4608	0.278
15.4808	0.274
15.5008	0.271
15.5208	0.268
15.5408	0.264
15.5608	0.260
15.5807	0.256
15.6007	0.252
15.6207	0.247
15.6407	0.241
15.6607	0.235
15.6807	0.230
15.7007	0.228
15.7206	0.221
15.7406	0.217
15.7606	0.213
15.7806	0.209
15.8006	0.205
15.8206	0.203
15.8406	0.200
15.8606	0.198
15.8806	0.197
15.9006	0.196
15.9206	0.196
15.9406	0.196
15.9606	0.196
15.9806	0.197
16.0006	0.199
16.0206	0.202
16.0406	0.204
16.0606	0.208
16.0806	0.211
16.1006	0.215
16.1206	0.219
16.1407	0.224
16.1607	0.229
16.1807	0.233
16.2007	0.238
16.2207	0.243
16.2407	0.248
16.2607	0.252
16.2807	0.256
16.3008	0.260
16.3208	0.264
16.3408	0.267
16.3608	0.270
16.3808	0.272
16.4008	0.274
16.4208	0.275
16.4408	0.276
16.4608	0.276
16.4808	0.275
16.5008	0.276
16.5208	0.273
16.5408	0.273
16.5608	0.268
16.5808	0.266
16.6008	0.261
16.6207	0.257
16.6407	0.253
16.6607	0.249
16.6807	0.244
16.7007	0.240
16.7207	0.235
16.7407	0.230
16.7607	0.225
16.7806	0.221
16.8006	0.217
16.8206	0.213
16.8406	0.209
16.8606	0.206
16.8806	0.203
16.9006	0.200
16.9206	0.198
16.9406	0.197
16.9606	0.196
16.9806	0.196
17.0006	0.196
17.0206	0.197
17.0406	0.198
17.0606	0.200
17.0806	0.202
17.1006	0.205
17.1206	0.208
17.1406	0.211
17.1606	0.215
17.1806	0.220
17.2007	0.224
17.2207	0.229
17.2407	0.234
17.2607	0.238
17.2807	0.243
17.3007	0.248
17.3207	0.252
17.3407	0.256
17.3608	0.260
17.3808	0.264
17.4008	0.267
17.4208	0.270
17.4408	0.272
17.4608	0.274
17.4808	0.277
17.5008	0.277
17.5208	0.277
17.5408	0.275
17.5608	0.275
17.5808	0.275
17.6008	0.270
17.6208	0.268
17.6408	0.265
17.6608	0.261
17.6808	0.259
17.7007	0.253
17.7207	0.249
17.7407	0.244
17.7607	0.240
17.7807	0.235
17.8007	0.230
17.8207	0.225
17.8406	0.221
17.8606	0.217
17.8806	0.213
17.9006	0.209
17.9206	0.206
17.9406	0.203
17.9606	0.201
17.9806	0.198
18.0006	0.197
18.0206	0.196
18.0406	0.196
18.0606	0.196
18.0806	0.197
18.1006	0.198
18.1206	0.200
18.1406	0.202
18.1606	0.205
18.1806	0.208
18.2006	0.212
18.2206	0.216
18.2406	0.220
18.2607	0.224
18.2807	0.229
18.3007	0.233
18.3207	0.238
18.3407	0.243
18.3607	0.248
18.3807	0.252
18.4007	0.256
18.4208	0.260
18.4408	0.264
18.4608	0.267
18.4808	0.269
18.5008	0.271
18.5208	0.273
18.5408	0.275
18.5608	0.277
18.5808	0.275
18.6008	0.276
18.6208	0.276
18.6408	0.275
18.6608	0.270
18.6808	0.267
18.7008	0.265
18.7208	0.261
18.7407	0.257
18.7607	0.253
18.7807	0.248
18.8007	0.244
18.8207	0.239
18.8407	0.235
18.8607	0.230
18.8807	0.225
18.9006	0.221
18.9206	0.217
18.9406	0.213
18.9606	0.209
18.9806	0.206
19.0006	0.203
19.0206	0.201
19.0406	0.199
19.0606	0.197
19.0806	0.197
19.1006	0.196
19.1206	0.197
19.1406	0.197
19.1606	0.199
19.1806	0.201
19.2006	0.203
19.2206	0.206
19.2406	0.209
19.2606	0.212
19.2806	0.216
19.3006	0.221
19.3207	0.225
19.3407	0.229
19.3607	0.234
19.3807	0.240
19.4007	0.245
19.4207	0.249
19.4407	0.255
19.4608	0.259
19.4808	0.262
19.5008	0.266
19.5208	0.271
19.5408	0.273
19.5608	0.275
19.5808	0.279
19.6008	0.280
19.6208	0.280
19.6408	0.281
19.6608	0.280
19.6808	0.279
19.7008	0.278
19.7208	0.276
19.7408	0.272
19.7608	0.270
19.7808	0.266
19.8008	0.262
19.8207	0.258
19.8407	0.254
19.8607	0.248
19.8807	0.244
19.9007	0.238
19.9207	0.233
19.9407	0.229
19.9607	0.224
19.9806	0.220
20.0006	0.216
20.0206	0.213
20.0406	0.209
20.0606	0.208
20.0806	0.204
20.1006	0.203
20.1206	0.200
20.1406	0.200
20.1606	0.199
20.1806	0.199
20.2006	0.200
20.2206	0.201
20.2406	0.203
20.2606	0.205
20.2806	0.208
20.3006	0.211
20.3206	0.215
20.3406	0.219
20.3606	0.221
20.3807	0.227
20.4007	0.232
20.4207	0.236
20.4407	0.241
20.4607	0.245
20.4807	0.248
20.5007	0.254
20.5208	0.259
20.5408	0.262
20.5608	0.265
20.5808	0.269
20.6008	0.271
20.6208	0.273
20.6408	0.275
20.6608	0.276
20.6808	0.276
20.7008	0.277
20.7208	0.276
20.7408	0.275
20.7608	0.273
20.7808	0.271
20.8008	0.269
20.8208	0.266
20.8408	0.263
20.8608	0.259
20.8807	0.255
20.9007	0.251
20.9207	0.246
20.9407	0.242
20.9607	0.237
20.9807	0.233
21.0007	0.228
21.0206	0.223
21.0406	0.219
21.0606	0.216
21.0806	0.212
21.1006	0.209
21.1206	0.206
21.1406	0.203
21.1606	0.202
21.1806	0.200
21.2006	0.199
21.2206	0.199
21.2406	0.198
21.2606	0.198
21.2806	0.202
21.3006	0.201
21.3206	0.203
21.3406	0.208
21.3606	0.210
21.3806	0.213
21.4006	0.217
21.4206	0.223
21.4407	0.227
21.4607	0.232
21.4807	0.235
21.5007	0.241
21.5207	0.243
21.5407	0.249
21.5607	0.254
21.5808	0.258
21.6008	0.262
21.6208	0.265
21.6408	0.268
21.6608	0.270
21.6808	0.273
21.7008	0.275
21.7208	0.276
21.7408	0.276
21.7608	0.276
21.7808	0.276
21.8008	0.275
21.8208	0.273
21.8408	0.271
21.8608	0.269
21.8808	0.265
21.9008	0.262
21.9208	0.259
21.9407	0.255
21.9607	0.250
21.9807	0.246
22.0007	0.242
22.0207	0.237
22.0407	0.233
22.0607	0.228
22.0807	0.224
22.1006	0.220
22.1206	0.216
22.1406	0.212
22.1606	0.209
22.1806	0.206
22.2006	0.204
22.2206	0.202
22.2406	0.200
22.2606	0.200
22.2806	0.199
22.3006	0.199
22.3206	0.201
22.3406	0.202
22.3606	0.202
22.3806	0.206
22.4006	0.208
22.4206	0.212
22.4406	0.215
22.4606	0.218
22.4806	0.223
22.5007	0.227
22.5207	0.232
22.5407	0.236
22.5607	0.241
22.5807	0.245
22.6007	0.250
22.6207	0.254
22.6407	0.258
22.6608	0.262
22.6808	0.265
22.7008	0.268
22.7208	0.271
22.7408	0.273
22.7608	0.275
22.7808	0.276
22.8008	0.279
22.8208	0.279
22.8408	0.278
22.8608	0.277
22.8808	0.276
22.9008	0.274
22.9208	0.268
22.9408	0.268
22.9608	0.265
22.9808	0.261
23.0007	0.257
23.0207	0.253
23.0407	0.249
23.0607	0.244
23.0807	0.238
23.1007	0.233
23.1207	0.228
23.1407	0.224
23.1606	0.220
23.1806	0.216
23.2006	0.213
23.2206	0.210
23.2406	0.207
23.2606	0.204
23.2806	0.203
23.3006	0.201
23.3206	0.200
23.3406	0.198
23.3606	0.198
23.3806	0.201
23.4006	0.201
23.4206	0.202
23.4406	0.205
23.4606	0.207
23.4806	0.210
23.5006	0.214
23.5206	0.217
23.5406	0.222
23.5607	0.226
23.5807	0.230
23.6007	0.235
23.6207	0.241
23.6407	0.246
23.6607	0.250
23.6807	0.254
23.7008	0.259
23.7208	0.260
23.7408	0.266
23.7608	0.268
23.7808	0.271
23.8008	0.273
23.8208	0.275
23.8408	0.276
23.8608	0.276
23.8808	0.276
23.9008	0.276
23.9208	0.275
23.9408	0.273
23.9608	0.271
23.9808	0.268
24.0008	0.265
24.0208	0.262
24.0407	0.258
24.0607	0.254
24.0807	0.248
24.1007	0.243
24.1207	0.239
24.1407	0.234
24.1607	0.230
24.1807	0.225
24.2006	0.221
24.2206	0.217
24.2406	0.213
24.2606	0.210
24.2806	0.207
24.3006	0.204
24.3206	0.202
24.3406	0.200
24.3606	0.199
24.3806	0.198
24.4006	0.198
24.4206	0.198
24.4406	0.199
24.4606	0.200
24.4806	0.202
24.5006	0.204
24.5206	0.207
24.5406	0.210
24.5606	0.213
24.5806	0.217
24.6006	0.221
24.6207	0.225
24.6407	0.230
24.6607	0.234
24.6807	0.239
24.7007	0.243
24.7207	0.248
24.7407	0.252
24.7607	0.256
24.7808	0.259
24.8008	0.262
24.8208	0.265
24.8408	0.268
24.8608	0.272
24.8808	0.271
24.9008	0.273
24.9208	0.275
24.9408	0.275
24.9608	0.274
24.9808	0.272
25.0008	0.270
25.0208	0.268
25.0408	0.267
25.0608	0.262
25.0808	0.260
25.1007	0.256
25.1207	0.251
25.1407	0.247
25.1607	0.243
25.1807	0.238
25.2007	0.234
25.2207	0.229
25.2407	0.225
25.2606	0.221
25.2806	0.217
25.3006	0.213
25.3206	0.210
25.3406	0.207
25.3606	0.204
25.3806	0.202
25.4006	0.200
25.4206	0.199
25.4406	0.198
25.4606	0.198
25.4806	0.198
25.5006	0.199
25.5206	0.201
25.5406	0.202
25.5606	0.205
25.5806	0.207
25.6006	0.210
25.6206	0.214
25.6406	0.218
25.6606	0.222
25.6807	0.226
25.7007	0.230
25.7207	0.234
25.7407	0.239
25.7607	0.243
25.7807	0.248
25.8007	0.251
25.8207	0.256
25.8408	0.259
25.8608	0.262
25.8808	0.265
25.9008	0.268
25.9208	0.271
25.9408	0.271
25.9608	0.275
25.9808	0.275
26.0008	0.275
26.0208	0.274
26.0408	0.272
26.0608	0.272
26.0808	0.267
26.1008	0.265
26.1208	0.264
26.1408	0.259
26.1607	0.255
26.1807	0.251
26.2007	0.247
26.2207	0.243
26.2407	0.238
26.2607	0.234
26.2807	0.229
26.3007	0.225
26.3206	0.221
26.3406	0.217
26.3606	0.213
26.3806	0.210
26.4006	0.207
26.4206	0.205
26.4406	0.202
26.4606	0.201
26.4806	0.200
26.5006	0.199
26.5206	0.198
26.5406	0.199
26.5606	0.200
26.5806	0.201
26.6006	0.203
26.6206	0.205
26.6406	0.208
26.6606	0.211
26.6806	0.214
26.7006	0.218
26.7206	0.222
26.7407	0.226
26.7607	0.230
26.7807	0.235
26.8007	0.239
26.8207	0.243
26.8407	0.248
26.8607	0.252
26.8807	0.256
26.9008	0.259
26.9208	0.263
26.9408	0.267
26.9608	0.270
26.9808	0.272
27.0008	0.273
27.0208	0.275
27.0408	0.275
27.0608	0.275
27.0808	0.275
27.1008	0.273
27.1208	0.272
27.1408	0.269
27.1608	0.267
27.1808	0.264
27.2008	0.261
27.2207	0.257
27.2407	0.253
27.2607	0.248
27.2807	0.243
27.3007	0.241
27.3207	0.234
27.3407	0.230
27.3607	0.228
27.3806	0.222
27.4006	0.218
27.4206	0.214
27.4406	0.211
27.4606	0.209
27.4806	0.206
27.5006	0.203
27.5206	0.202
27.5406	0.201
27.5606	0.200
27.5806	0.200
27.6006	0.200
27.6206	0.201
27.6406	0.203
27.6606	0.204
27.6806	0.206
27.7006	0.209
27.7206	0.212
27.7406	0.215
27.7606	0.219
27.7807	0.225
27.8007	0.227
27.8207	0.233
27.8407	0.238
27.8607	0.242
27.8807	0.246
27.9007	0.250
27.9207	0.255
27.9408	0.259
27.9608	0.262
27.9808	0.268
28.0008	0.270
28.0208	0.273
28.0408	0.275
28.0608	0.277
28.0808	0.280
28.1008	0.281
28.1208	0.281
28.1408	0.278
28.1608	0.279
28.1808	0.277
28.2008	0.272
28.2208	0.270
28.2408	0.267
28.2608	0.263
28.2808	0.260
28.3007	0.256
28.3207	0.250
28.3407	0.246
28.3607	0.241
28.3807	0.237
28.4007	0.232
28.4207	0.228
28.4407	0.224
28.4606	0.220
28.4806	0.216
28.5006	0.213
28.5206	0.210
28.5406	0.206
28.5606	0.205
28.5806	0.203
28.6006	0.202
28.6206	0.202
28.6406	0.201
28.6606	0.200
28.6806	0.201
28.7006	0.202
28.7206	0.205
28.7406	0.208
28.7606	0.210
28.7806	0.214
28.8006	0.215
28.8206	0.221
28.8406	0.223
28.8607	0.229
28.8807	0.231
28.9007	0.237
28.9207	0.241
28.9407	0.246
28.9607	0.250
28.9807	0.254
29.0007	0.258
29.0208	0.261
29.0408	0.264
29.0608	0.267
29.0808	0.269
29.1008	0.271
29.1208	0.273
29.1408	0.274
29.1608	0.275
29.1808	0.275
29.2008	0.273
29.2208	0.274
29.2408	0.271
29.2608	0.270
29.2808	0.267
29.3008	0.263
29.3208	0.260
29.3407	0.256
29.3607	0.253
29.3807	0.249
29.4007	0.244
29.4207	0.240
29.4407	0.236
29.4607	0.232
29.4807	0.228
29.5006	0.222
29.5206	0.219
29.5406	0.216
29.5606	0.213
29.5806	0.209
29.6006	0.207
29.6206	0.205
29.6406	0.202
29.6606	0.201
29.6806	0.202
29.7006	0.200
29.7206	0.200
29.7406	0.202
29.7606	0.203
29.7806	0.205
29.8006	0.208
29.8206	0.211
29.8406	0.214
29.8606	0.218
29.8806	0.221
29.9007	0.225
29.9207	0.229
29.9407	0.233
29.9607	0.237
29.9807	0.241
30.0007	0.246
30.0207	0.250
30.0407	0.254
30.0607	0.258
30.0808	0.261
30.1008	0.264
30.1208	0.267
30.1408	0.270
30.1608	0.272
30.1808	0.275
30.2008	0.276
30.2208	0.276
30.2408	0.276
30.2608	0.276
30.2808	0.275
30.3008	0.273
30.3208	0.271
30.3408	0.268
30.3608	0.265
30.3808	0.260
30.4007	0.256
30.4207	0.253
30.4407	0.249
30.4607	0.245
30.4807	0.240
30.5007	0.235
30.5207	0.232
30.5407	0.228
30.5606	0.223
30.5806	0.220
30.6006	0.216
30.6206	0.213
30.6406	0.211
30.6606	0.208
30.6806	0.204
30.7006	0.203
30.7206	0.203
30.7406	0.201
30.7606	0.201
30.7806	0.203
30.8006	0.202
30.8206	0.205
30.8406	0.206
30.8606	0.209
30.8806	0.212
30.9006	0.215
30.9206	0.218
30.9406	0.220
30.9607	0.225
30.9807	0.230
31.0007	0.234
31.0207	0.238
31.0407	0.242
31.0607	0.246
31.0807	0.251
31.1007	0.255
31.1208	0.261
31.1408	0.264
31.1608	0.267
31.1808	0.268
31.2008	0.272
31.2208	0.274
31.2408	0.276
31.2608	0.277
31.2808	0.277
31.3008	0.277
31.3208	0.276
31.3408	0.275
31.3608	0.273
31.3808	0.271
31.4008	0.268
31.4208	0.263
31.4408	0.260
31.4607	0.257
31.4807	0.253
31.5007	0.249
31.5207	0.244
31.5407	0.240
31.5607	0.234
31.5807	0.232
31.6007	0.225
31.6206	0.222
31.6406	0.218
31.6606	0.214
31.6806	0.211
31.7006	0.208
31.7206	0.206
31.7406	0.204
31.7606	0.203
31.7806	0.202
31.8006	0.201
31.8206	0.201
31.8406	0.201
31.8606	0.202
31.8806	0.203
31.9006	0.205
31.9206	0.207
31.9406	0.210
31.9606	0.213
31.9806	0.216
32.0006	0.220
32.0206	0.223
32.0407	0.227
32.0607	0.232
32.0807	0.236
32.1007	0.240
32.1207	0.244
32.1407	0.248
32.1607	0.252
32.1807	0.256
32.2008	0.259
32.2208	0.263
32.2408	0.266
32.2608	0.268
32.2808	0.271
32.3008	0.272
32.3208	0.273
32.3408	0.273
32.3608	0.273
32.3808	0.272
32.4008	0.272
32.4208	0.269
32.4408	0.268
32.4608	0.265
32.4808	0.260
32.5007	0.257
32.5207	0.253
32.5407	0.250
32.5607	0.245
32.5807	0.241
32.6007	0.237
32.6207	0.233
32.6407	0.229
32.6607	0.225
32.6806	0.221
32.7006	0.217
32.7206	0.214
32.7406	0.211
32.7606	0.208
32.7806	0.206
32.8006	0.204
32.8206	0.202
32.8406	0.201
32.8606	0.201
32.8806	0.201
32.9006	0.201
32.9206	0.202
32.9406	0.203
32.9606	0.205
32.9806	0.207
33.0006	0.210
33.0206	0.213
33.0406	0.216
33.0606	0.219
33.0806	0.223
33.1007	0.227
33.1207	0.231
33.1407	0.235
33.1607	0.240
33.1807	0.244
33.2007	0.248
33.2207	0.252
33.2407	0.255
33.2608	0.259
33.2808	0.261
33.3008	0.264
33.3208	0.266
33.3408	0.270
33.3608	0.271
33.3808	0.272
33.4008	0.272
33.4208	0.272
33.4408	0.272
33.4608	0.270
33.4808	0.267
33.5008	0.265
33.5208	0.262
33.5408	0.259
33.5607	0.256
33.5807	0.253
33.6007	0.249
33.6207	0.245
33.6407	0.241
33.6607	0.237
33.6807	0.233
33.7007	0.229
33.7207	0.225
33.7406	0.221
33.7606	0.217
33.7806	0.214
33.8006	0.211
33.8206	0.208
33.8406	0.206
33.8606	0.204
33.8806	0.202
33.9006	0.202
33.9206	0.201
33.9406	0.201
33.9606	0.201
33.9806	0.202
34.0006	0.203
34.0206	0.205
34.0406	0.208
34.0606	0.210
34.0806	0.213
34.1006	0.216
34.1206	0.220
34.1406	0.224
34.1607	0.228
34.1807	0.232
34.2007	0.236
34.2207	0.240
34.2407	0.244
34.2607	0.248
34.2807	0.252
34.3007	0.255
34.3208	0.259
34.3408	0.264
34.3608	0.266
34.3808	0.269
34.4008	0.270
34.4208	0.272
34.4408	0.272
34.4608	0.272
34.4808	0.272
34.5008	0.272
34.5208	0.271
34.5408	0.269
34.5608	0.267
34.5808	0.264
34.6008	0.261
34.6207	0.256
34.6407	0.255
34.6607	0.249
34.6807	0.245
34.7007	0.241
34.7207	0.237
34.7407	0.233
34.7607	0.229
34.7807	0.225
34.8006	0.221
34.8206	0.218
34.8406	0.214
34.8606	0.211
34.8806	0.209
34.9006	0.206
34.9206	0.205
34.9406	0.203
34.9606	0.202
34.9806	0.202
35.0006	0.202
35.0206	0.202
35.0406	0.203
35.0606	0.204
35.0806	0.206
35.1006	0.208
35.1206	0.211
35.1406	0.214
35.1606	0.217
35.1806	0.221
35.2007	0.224
35.2207	0.228
35.2407	0.234
35.2607	0.239
35.2807	0.243
35.3007	0.246
35.3207	0.251
35.3407	0.255
35.3608	0.258
35.3808	0.261
35.4008	0.265
35.4208	0.267
35.4408	0.271
35.4608	0.273
35.4808	0.274
35.5008	0.275
35.5208	0.275
35.5408	0.275
35.5608	0.275
35.5808	0.273
35.6008	0.272
35.6208	0.267
35.6408	0.267
35.6608	0.262
35.6808	0.260
35.7007	0.256
35.7207	0.251
35.7407	0.248
35.7607	0.243
35.7807	0.239
35.8007	0.235
35.8207	0.232
35.8407	0.227
35.8606	0.223
35.8806	0.220
35.9006	0.215
35.9206	0.212
35.9406	0.211
35.9606	0.207
35.9806	0.205
36.0006	0.205
36.0206	0.203
36.0406	0.204
36.0606	0.202
36.0806	0.203
36.1006	0.206
36.1206	0.207
36.1406	0.209
36.1606	0.211
36.1806	0.211
36.2006	0.216
36.2206	0.219
36.2406	0.223
36.2607	0.227
36.2807	0.231
36.3007	0.235
36.3207	0.239
36.3407	0.243
36.3607	0.247
36.3807	0.251
36.4007	0.256
36.4208	0.260
36.4408	0.264
36.4608	0.264
36.4808	0.269
36.5008	0.271
36.5208	0.273
36.5408	0.274
36.5608	0.275
36.5808	0.275
36.6008	0.275
36.6208	0.273
36.6408	0.272
36.6608	0.271
36.6808	0.268
36.7008	0.264
36.7208	0.261
36.7408	0.258
36.7607	0.254
36.7807	0.250
36.8007	0.247
36.8207	0.242
36.8407	0.239
36.8607	0.235
36.8807	0.230
36.9007	0.227
36.9207	0.224
36.9406	0.220
36.9606	0.216
36.9806	0.214
37.0006	0.211
37.0206	0.209
37.0406	0.205
37.0606	0.204
37.0806	0.203
37.1006	0.203
37.1206	0.202
37.1406	0.205
37.1606	0.206
37.1806	0.207
37.2006	0.209
37.2206	0.211
37.2406	0.213
37.2606	0.214
37.2806	0.220
37.3006	0.223
37.3207	0.227
37.3407	0.231
37.3607	0.235
37.3807	0.239
37.4007	0.243
37.4207	0.247
37.4407	0.251
37.4607	0.255
37.4807	0.257
37.5008	0.262
37.5208	0.263
37.5408	0.268
37.5608	0.270
37.5808	0.272
37.6008	0.273
37.6208	0.274
37.6408	0.274
37.6608	0.274
37.6808	0.273
37.7008	0.272
37.7208	0.267
37.7408	0.267
37.7608	0.263
37.7808	0.261
37.8007	0.258
37.8207	0.254
37.8407	0.250
37.8607	0.246
37.8807	0.243
37.9007	0.239
37.9207	0.234
37.9407	0.230
37.9607	0.225
37.9806	0.223
38.0006	0.219
38.0206	0.214
38.0406	0.214
38.0606	0.211
38.0806	0.208
38.1006	0.207
38.1206	0.206
38.1406	0.205
38.1606	0.205
38.1806	0.203
38.2006	0.205
38.2206	0.206
38.2406	0.207
38.2606	0.207
38.2806	0.212
38.3006	0.214
38.3206	0.216
38.3406	0.220
38.3607	0.224
38.3807	0.227
38.4007	0.232
38.4207	0.235
38.4407	0.239
38.4607	0.243
38.4807	0.248
38.5007	0.253
38.5207	0.257
38.5408	0.261
38.5608	0.262
38.5808	0.267
38.6008	0.269
38.6208	0.271
38.6408	0.274
38.6608	0.274
38.6808	0.277
38.7008	0.277
38.7208	0.275
38.7408	0.274
38.7608	0.272
38.7808	0.271
38.8008	0.269
38.8208	0.266
38.8408	0.261
38.8607	0.257
38.8807	0.254
38.9007	0.250
38.9207	0.246
38.9407	0.243
38.9607	0.239
38.9807	0.235
39.0007	0.229
39.0207	0.227
39.0406	0.222
39.0606	0.218
39.0806	0.215
39.1006	0.214
39.1206	0.212
39.1406	0.207
39.1606	0.206
39.1806	0.204
39.2006	0.204
39.2206	0.203
39.2406	0.203
39.2606	0.204
39.2806	0.205
39.3006	0.207
39.3206	0.208
39.3406	0.210
39.3606	0.212
39.3806	0.216
39.4006	0.221
39.4206	0.223
39.4407	0.227
39.4607	0.232
39.4807	0.235
39.5007	0.237
39.5207	0.244
39.5407	0.248
39.5607	0.251
39.5807	0.255
39.6008	0.258
39.6208	0.261
39.6408	0.264
39.6608	0.266
39.6808	0.268
39.7008	0.270
39.7208	0.271
39.7408	0.272
39.7608	0.272
39.7808	0.271
39.8008	0.270
39.8208	0.269
39.8408	0.268
39.8608	0.265
39.8808	0.263
39.9008	0.260
39.9207	0.257
39.9407	0.251
39.9607	0.248
39.9807	0.244
40.0007	0.240
40.0207	0.236
40.0407	0.232
40.0607	0.229
40.0807	0.224
40.1006	0.221
40.1206	0.218
40.1406	0.214
40.1606	0.212
40.1806	0.209
40.2006	0.207
40.2206	0.205
40.2406	0.204
40.2606	0.203
40.2806	0.203
40.3006	0.203
40.3206	0.203
40.3406	0.204
40.3606	0.206
40.3806	0.208
40.4006	0.210
40.4206	0.213
40.4406	0.215
40.4606	0.218
40.4806	0.222
40.5007	0.226
40.5207	0.229
40.5407	0.233
40.5607	0.237
40.5807	0.241
40.6007	0.245
40.6207	0.249
40.6407	0.253
40.6607	0.256
40.6808	0.260
40.7008	0.264
40.7208	0.266
40.7408	0.267
40.7608	0.269
40.7808	0.270
40.8008	0.270
40.8208	0.271
40.8408	0.270
40.8608	0.269
40.8808	0.267
40.9008	0.265
40.9208	0.264
40.9408	0.260
40.9607	0.257
40.9807	0.254
41.0007	0.250
41.0207	0.247
41.0407	0.243
41.0607	0.239
41.0807	0.236
41.1007	0.232
41.1207	0.228
41.1407	0.224
41.1606	0.221
41.1806	0.217
41.2006	0.214
41.2206	0.212
41.2406	0.209
41.2606	0.207
41.2806	0.205
41.3006	0.204
41.3206	0.203
41.3406	0.203
41.3606	0.203
41.3806	0.204
41.4006	0.205
41.4206	0.206
41.4406	0.208
41.4606	0.210
41.4806	0.213
41.5006	0.216
41.5206	0.219
41.5406	0.222
41.5607	0.226
41.5807	0.230
41.6007	0.233
41.6207	0.237
41.6407	0.241
41.6607	0.245
41.6807	0.249
41.7007	0.252
41.7207	0.255
41.7408	0.261
41.7608	0.261
41.7808	0.265
41.8008	0.267
41.8208	0.268
41.8408	0.268
41.8608	0.270
41.8808	0.271
41.9008	0.270
41.9208	0.269
41.9408	0.266
41.9608	0.266
41.9808	0.262
42.0008	0.262
42.0207	0.257
42.0407	0.254
42.0607	0.250
42.0807	0.247
42.1007	0.243
